# date irTemp ambientTemp pressure humidity acceleration(x y z) magnetometer(x y z) gyroscope(x y z)
2014-5-25T15:8:17.517 23.66 26.28 -91.45 26.55 -0.02 0.45 0.84 -25.33 62.23 63.42 -1.31 -0.32 -0.20
2014-5-25T15:8:18.557 23.63 26.28 -69.99 26.55 -0.02 0.48 0.84 -25.48 62.29 63.87 -1.10 -0.12 -0.14
2014-5-25T15:8:19.568 23.59 26.28 -69.99 26.55 -0.02 0.47 0.84 -25.48 62.29 63.87 -1.14 -0.13 -0.34
2014-5-25T15:8:20.577 23.70 26.28 -91.45 26.55 -0.02 0.47 0.84 -25.42 62.47 63.66 -1.33 -0.33 0.03
2014-5-25T15:8:21.586 23.52 26.28 -91.45 26.55 -0.02 0.47 0.84 -25.42 62.47 63.66 -1.38 -0.31 -0.24
2014-5-25T15:8:22.594 23.77 26.28 -105.76 26.56 -0.03 0.44 0.84 -25.39 62.29 63.57 -1.18 -0.28 -0.11
2014-5-25T15:8:23.603 23.75 26.28 -105.76 26.55 -0.02 0.47 0.84 -25.39 62.29 63.57 -1.13 -0.14 -0.31
2014-5-25T15:8:24.612 23.75 26.28 -91.45 26.55 -0.02 0.47 0.84 -25.54 62.41 63.87 -1.03 -0.35 -0.31
2014-5-25T15:8:25.621 23.66 26.28 -91.45 26.55 -0.02 0.45 0.84 -25.54 62.41 63.87 -1.28 -0.31 -0.29
2014-5-25T15:8:26.630 23.70 26.28 -91.45 26.55 -0.02 0.47 0.84 -25.33 62.35 63.87 -0.95 -0.24 0.01
2014-5-25T15:8:27.639 23.77 26.28 -84.29 26.55 -0.02 0.47 0.84 -25.33 62.35 63.87 -1.19 -0.34 -0.15
2014-5-25T15:8:28.648 23.66 26.28 -84.29 26.55 -0.02 0.48 0.84 -25.30 62.19 63.69 -1.16 -0.33 0.03
2014-5-25T15:8:29.656 23.66 26.28 -84.29 26.55 -0.02 0.47 0.84 -25.30 62.19 63.69 -1.26 -0.28 -0.08
2014-5-25T15:8:30.664 23.96 26.28 -84.29 26.56 -0.02 0.45 0.84 -25.42 62.32 63.66 -1.19 -0.39 -0.28
2014-5-25T15:8:31.673 23.87 26.28 -91.45 26.55 -0.02 0.45 0.86 -25.42 62.32 63.66 -0.97 -0.11 0.20
2014-5-25T15:8:32.681 23.52 26.28 -91.45 26.55 -0.02 0.47 0.84 -25.30 62.26 63.35 -1.05 -0.21 -0.22
2014-5-25T15:8:33.690 23.66 26.28 -62.83 26.55 -0.02 0.45 0.84 -25.30 62.26 63.35 -1.25 -0.34 -0.30
2014-5-25T15:8:34.699 23.89 26.28 -62.83 26.55 -0.02 0.45 0.83 -25.36 62.19 63.84 -1.06 -0.23 -0.11
2014-5-25T15:8:35.707 23.59 26.28 -91.45 26.55 -0.02 0.47 0.84 -25.36 62.19 63.84 -1.01 -0.40 -0.14
2014-5-25T15:8:36.715 23.68 26.28 -91.45 26.55 -0.02 0.47 0.84 -25.15 62.41 63.78 -1.06 -0.35 -0.13
2014-5-25T15:8:37.724 23.84 26.28 -77.14 26.56 -0.02 0.47 0.84 -25.15 62.41 63.78 -0.92 -0.18 -0.10
2014-5-25T15:8:38.732 23.49 26.28 -77.14 26.56 0.00 0.47 0.83 -25.39 62.13 63.60 -1.00 -0.46 0.11
2014-5-25T15:8:39.748 23.49 26.28 -77.14 26.55 -0.02 0.45 0.83 -25.39 62.13 63.60 -1.30 -0.27 -0.16
2014-5-25T15:8:40.757 23.70 26.28 -77.14 26.55 -0.02 0.45 0.83 -25.42 62.44 63.66 -1.04 -0.37 -0.12
2014-5-25T15:8:41.765 23.77 26.28 -77.14 26.55 -0.02 0.45 0.86 -25.42 62.44 63.66 -0.98 -0.29 -0.02
2014-5-25T15:8:42.774 23.63 26.28 -77.14 26.55 -0.02 0.45 0.84 -25.36 62.41 63.54 -0.98 -0.45 -0.20
2014-5-25T15:8:43.783 23.68 26.28 -77.14 26.55 0.00 0.47 0.84 -25.36 62.41 63.54 -0.94 -0.51 -0.19
2014-5-25T15:8:44.792 23.82 26.28 -77.14 26.55 0.00 0.48 0.84 -25.39 62.32 63.54 -1.08 -0.51 -0.21
2014-5-25T15:8:45.801 23.75 26.28 -77.14 26.55 -0.02 0.47 0.84 -25.39 62.32 63.54 -1.46 -0.25 -0.37
2014-5-25T15:8:46.809 23.52 26.28 -77.14 26.55 -0.02 0.44 0.84 -25.45 62.13 63.54 -1.10 -0.22 -0.15
2014-5-25T15:8:47.816 23.52 26.28 -77.14 26.55 -0.02 0.47 0.84 -25.45 62.13 63.54 -1.03 -0.46 0.08
2014-5-25T15:8:48.825 23.54 26.28 -77.14 26.55 -0.02 0.47 0.88 -25.42 62.26 63.45 -1.17 -0.36 -0.37
2014-5-25T15:8:49.834 23.40 26.28 -77.14 26.55 -0.02 0.48 0.84 -25.42 62.26 63.45 -1.11 -0.35 -0.18
2014-5-25T15:8:50.843 23.70 26.28 -77.14 26.55 -0.02 0.47 0.84 -25.30 62.13 63.72 -0.99 -0.15 -0.19
2014-5-25T15:8:51.851 23.54 26.28 -77.14 26.55 -0.02 0.45 0.84 -25.30 62.13 63.72 -1.20 -0.48 -0.29
2014-5-25T15:8:52.872 23.35 26.28 -55.68 26.55 -0.02 0.48 0.84 -25.27 62.13 63.66 -1.15 -0.34 -0.05
2014-5-25T15:8:53.880 23.56 26.28 -55.67 26.56 -0.02 0.47 0.84 -25.27 62.13 63.66 -1.19 -0.26 -0.18
2014-5-25T15:8:54.889 23.47 26.28 -62.83 26.55 0.00 0.47 0.84 -25.36 62.13 63.90 -1.24 -0.29 0.05
2014-5-25T15:8:55.897 23.47 26.28 -62.83 26.55 0.00 0.47 0.86 -25.36 62.13 63.90 -1.21 -0.35 0.01
2014-5-25T15:8:56.906 23.33 26.28 -62.83 26.55 -0.02 0.47 0.84 -25.33 62.10 63.29 -1.11 -0.34 0.00
2014-5-25T15:8:57.915 23.45 26.28 -77.14 26.55 0.00 0.47 0.84 -25.33 62.10 63.29 -1.14 -0.41 -0.31
2014-5-25T15:8:58.922 23.65 26.25 -77.13 26.55 -0.02 0.45 0.86 -25.36 62.19 63.51 -1.25 -0.47 -0.20
2014-5-25T15:8:59.931 23.59 26.28 -77.13 26.55 -0.02 0.47 0.84 -25.36 62.19 63.51 -0.98 -0.28 -0.09
2014-5-25T15:9:0.939 23.56 26.28 -77.14 26.56 0.00 0.47 0.86 -25.33 62.13 63.45 -1.09 -0.37 -0.35
2014-5-25T15:9:1.947 23.54 26.28 -62.83 26.55 -0.02 0.47 0.86 -25.33 62.13 63.45 -1.08 -0.31 -0.31
2014-5-25T15:9:2.954 23.37 26.25 -62.83 26.55 -0.02 0.47 0.84 -25.42 62.26 63.87 -1.40 -0.30 -0.03
2014-5-25T15:9:3.963 23.51 26.25 -77.14 26.55 -0.02 0.47 0.84 -25.42 62.26 63.87 -1.18 -0.31 0.05
2014-5-25T15:9:4.971 23.76 26.25 -77.14 26.55 -0.02 0.47 0.83 -25.48 62.07 63.60 -1.04 -0.38 -0.08
2014-5-25T15:9:5.978 23.60 26.25 -62.83 26.55 -0.02 0.47 0.84 -25.48 62.07 63.60 -0.88 -0.30 -0.05
2014-5-25T15:9:6.987 23.34 26.25 -62.83 26.55 -0.02 0.47 0.86 -25.39 62.13 63.60 -1.02 -0.37 -0.12
2014-5-25T15:9:7.996 23.53 26.25 -48.52 26.55 -0.02 0.48 0.86 -25.39 62.13 63.60 -1.13 -0.34 -0.18
2014-5-25T15:9:9.004 23.51 26.25 -48.52 26.55 -0.02 0.48 0.86 -25.45 62.13 63.60 -1.13 -0.34 -0.18
2014-5-25T15:9:10.011 23.48 26.25 -48.52 26.55 0.00 0.48 0.84 -25.45 62.13 63.60 -1.12 -0.18 -0.09
2014-5-25T15:9:11.020 23.39 26.25 -48.52 26.55 -0.02 0.47 0.84 -25.42 62.19 63.48 -1.25 -0.37 -0.13
2014-5-25T15:9:12.027 23.67 26.25 -34.21 26.55 0.00 0.47 0.84 -25.42 62.19 63.48 -1.10 -0.39 -0.13
2014-5-25T15:9:13.036 23.39 26.25 -34.21 26.55 -0.02 0.45 0.84 -25.39 62.23 63.48 -1.11 -0.28 -0.09
2014-5-25T15:9:14.045 23.34 26.25 -34.21 26.55 -0.02 0.47 0.84 -25.39 62.23 63.48 -1.11 -0.28 -0.09
2014-5-25T15:9:15.052 23.46 26.25 -34.21 26.55 -0.02 0.47 0.84 -25.12 62.19 63.66 -1.20 -0.32 0.05
2014-5-25T15:9:16.061 23.44 26.25 -34.21 26.55 -0.02 0.45 0.84 -25.30 62.16 63.45 -1.03 -0.14 -0.08
2014-5-25T15:9:17.069 23.39 26.25 -55.67 26.56 -0.02 0.45 0.83 -25.30 62.16 63.45 -1.30 -0.31 -0.13
2014-5-25T15:9:18.077 23.55 26.25 -55.67 26.46 0.00 0.47 0.83 -25.33 62.19 63.72 -1.05 -0.24 -0.12
2014-5-25T15:9:19.085 23.55 26.25 -41.37 26.46 -0.02 0.45 0.86 -25.33 62.19 63.72 -1.20 -0.26 -0.29
2014-5-25T15:9:20.096 23.58 26.25 -41.37 26.46 -0.02 0.47 0.84 -25.33 62.19 63.72 -1.12 -0.43 -0.30
2014-5-25T15:9:21.104 23.60 26.25 -34.21 26.46 -0.02 0.47 0.84 -25.36 62.23 63.45 -1.14 -0.27 0.02
2014-5-25T15:9:22.113 23.67 26.25 -34.21 26.46 -0.02 0.47 0.84 -25.36 62.23 63.45 -1.30 -0.44 -0.07
2014-5-25T15:9:23.122 23.65 26.25 -41.37 26.46 -0.02 0.47 0.84 -25.30 62.35 63.48 -1.25 -0.18 -0.08
2014-5-25T15:9:24.129 23.44 26.25 -41.37 26.56 0.00 0.45 0.84 -25.30 62.35 63.48 -1.25 -0.45 -0.12
2014-5-25T15:9:25.138 23.41 26.25 -5.60 26.46 -0.02 0.47 0.83 -25.30 62.19 63.39 -1.11 -0.53 -0.40
2014-5-25T15:9:26.146 23.65 26.25 -5.60 26.46 -0.02 0.47 0.86 -25.33 62.19 63.42 -1.01 -0.47 -0.34
2014-5-25T15:9:27.155 23.51 26.25 -5.60 26.46 -0.02 0.47 0.84 -25.33 62.19 63.42 -1.17 -0.28 -0.08
2014-5-25T15:9:28.163 23.23 26.25 -5.60 26.56 0.00 0.48 0.83 -25.51 62.23 63.57 -1.21 -0.12 0.00
2014-5-25T15:9:29.172 23.55 26.25 -5.60 26.46 0.00 0.47 0.84 -25.51 62.23 63.57 -1.15 -0.32 -0.12
2014-5-25T15:9:30.181 23.38 26.22 -34.21 26.46 0.00 0.47 0.84 -25.48 62.35 63.45 -1.12 -0.43 -0.11
2014-5-25T15:9:31.188 23.61 26.22 -34.21 26.46 -0.02 0.47 0.84 -25.48 62.35 63.45 -1.08 -0.32 -0.45
2014-5-25T15:9:32.197 23.45 26.22 -12.75 26.56 -0.02 0.48 0.84 -25.33 62.23 63.78 -1.13 -0.36 -0.07
2014-5-25T15:9:33.206 23.52 26.22 -12.75 26.46 -0.02 0.45 0.84 -25.33 62.23 63.78 -1.25 -0.31 0.04
2014-5-25T15:9:34.214 23.59 26.22 -12.75 26.46 -0.02 0.47 0.84 -25.36 62.26 63.32 -1.13 -0.43 -0.14
2014-5-25T15:9:35.223 23.40 26.22 -12.75 26.46 0.00 0.47 0.86 -25.36 62.26 63.32 -1.02 -0.29 -0.02
2014-5-25T15:9:36.232 23.61 26.22 -19.91 26.46 -0.02 0.47 0.84 -25.21 62.16 63.39 -1.15 -0.30 0.05
2014-5-25T15:9:37.241 23.47 26.22 -19.91 26.46 -0.02 0.48 0.84 -25.21 62.16 63.39 -1.17 -0.26 -0.05
2014-5-25T15:9:38.249 23.56 26.22 1.55 26.46 -0.02 0.47 0.84 -25.30 62.26 63.42 -1.14 -0.37 -0.31
2014-5-25T15:9:39.256 23.40 26.22 1.55 26.46 -0.02 0.45 0.84 -25.30 62.26 63.42 -1.33 -0.34 -0.27
2014-5-25T15:9:40.265 23.68 26.22 -12.75 26.46 -0.02 0.47 0.83 -25.51 62.32 63.51 -1.14 -0.40 -0.19
2014-5-25T15:9:41.274 23.40 26.22 -12.75 26.46 -0.02 0.47 0.84 -25.51 62.32 63.51 -1.16 -0.33 -0.21
2014-5-25T15:9:42.282 23.40 26.22 -12.75 26.46 -0.02 0.44 0.84 -25.51 62.10 63.39 -1.11 -0.53 -0.18
2014-5-25T15:9:43.291 23.54 26.22 -19.91 26.46 -0.02 0.45 0.84 -25.51 62.10 63.39 -1.30 -0.40 -0.08
2014-5-25T15:9:44.299 23.49 26.22 -19.91 26.46 -0.02 0.47 0.86 -25.51 62.13 63.57 -1.13 -0.14 -0.26
2014-5-25T15:9:45.308 23.54 26.22 -34.21 26.46 -0.02 0.45 0.84 -25.51 62.13 63.57 -1.05 -0.31 -0.20
2014-5-25T15:9:46.315 23.61 26.22 -34.21 26.46 -0.02 0.47 0.86 -25.51 62.16 63.63 -1.13 -0.31 -0.17
2014-5-25T15:9:47.324 23.40 26.22 -48.52 26.46 -0.02 0.47 0.86 -25.51 62.16 63.63 -1.13 -0.48 -0.24
2014-5-25T15:9:48.333 23.40 26.22 -48.52 26.46 -0.03 0.47 0.83 -25.51 62.04 63.54 -1.15 -0.37 -0.09
2014-5-25T15:9:49.341 23.52 26.22 8.70 26.46 0.00 0.47 0.86 -25.51 62.04 63.54 -1.20 -0.14 -0.24
2014-5-25T15:9:50.349 23.59 26.22 8.70 26.46 -0.02 0.45 0.84 -25.45 62.16 63.48 -1.11 -0.41 -0.17
2014-5-25T15:9:51.359 23.68 26.22 -12.75 26.46 -0.02 0.45 0.83 -25.45 62.16 63.48 -1.03 -0.36 -0.08
2014-5-25T15:9:52.367 23.56 26.22 -12.75 26.46 -0.02 0.47 0.84 -25.36 62.23 63.57 -1.24 -0.34 -0.27
2014-5-25T15:9:53.376 23.45 26.22 -19.91 26.46 -0.02 0.47 0.84 -25.36 62.23 63.57 -1.19 -0.23 -0.09
2014-5-25T15:9:54.384 23.54 26.22 -19.91 26.46 -0.02 0.45 0.84 -25.36 62.23 63.51 -0.98 -0.36 -0.13
2014-5-25T15:9:55.393 23.54 26.22 -19.91 26.46 0.00 0.47 0.84 -25.36 62.23 63.51 -1.19 -0.15 -0.21
2014-5-25T15:9:56.402 23.40 26.22 -19.91 26.46 -0.02 0.47 0.84 -25.36 62.32 63.42 -1.19 -0.32 -0.14
2014-5-25T15:9:57.411 23.37 26.19 8.70 26.46 -0.02 0.47 0.83 -25.36 62.32 63.42 -1.12 -0.27 0.02
2014-5-25T15:9:58.420 23.37 26.19 8.70 26.46 -0.02 0.45 0.84 -25.36 62.19 63.39 -1.11 -0.40 0.00
2014-5-25T15:9:59.429 23.44 26.19 8.70 26.46 -0.02 0.45 0.84 -25.36 62.19 63.39 -1.17 -0.29 -0.20
2014-5-25T15:10:0.437 23.27 26.19 -5.60 26.46 -0.02 0.47 0.84 -25.57 62.10 63.42 -1.17 -0.42 -0.06
2014-5-25T15:10:1.447 23.27 26.19 -5.60 26.46 -0.02 0.47 0.84 -25.57 62.10 63.42 -0.93 -0.23 0.03
2014-5-25T15:10:2.456 23.30 26.19 1.55 26.46 -0.02 0.47 0.84 -25.39 62.19 63.54 -1.20 -0.32 -0.08
2014-5-25T15:10:3.471 23.44 26.19 1.55 26.46 0.00 0.47 0.84 -25.39 62.19 63.54 -1.24 -0.46 -0.06
2014-5-25T15:10:4.481 23.30 26.19 1.55 26.46 -0.02 0.47 0.84 -25.48 62.26 63.81 -0.92 -0.48 -0.09
2014-5-25T15:10:5.488 23.41 26.19 1.55 26.46 -0.02 0.47 0.84 -25.48 62.26 63.81 -1.11 -0.39 -0.09
2014-5-25T15:10:6.497 23.46 26.19 1.55 26.46 0.00 0.47 0.84 -25.33 62.04 63.78 -1.32 -0.38 -0.02
2014-5-25T15:10:7.505 23.53 26.19 1.55 26.46 0.00 0.48 0.84 -25.33 62.04 63.78 -1.21 -0.15 -0.13
2014-5-25T15:10:8.520 23.37 26.19 -12.75 26.46 -0.02 0.45 0.84 -25.54 62.01 63.63 -1.04 -0.21 -0.15
2014-5-25T15:10:9.529 23.34 26.19 -12.75 26.46 -0.02 0.47 0.84 -25.54 62.01 63.63 -1.12 -0.24 -0.15
2014-5-25T15:10:10.537 23.60 26.19 8.70 26.46 -0.02 0.47 0.83 -25.45 62.23 63.45 -1.19 -0.34 -0.11
2014-5-25T15:10:11.546 23.41 26.19 8.70 26.46 -0.02 0.45 0.84 -25.45 62.23 63.45 -1.11 -0.40 -0.24
2014-5-25T15:10:12.553 23.39 26.19 -5.60 26.46 -0.02 0.45 0.84 -25.30 62.07 63.35 -1.14 -0.43 -0.18
2014-5-25T15:10:13.561 23.37 26.19 -5.60 26.46 -0.02 0.47 0.83 -25.30 62.07 63.35 -1.14 -0.28 0.05
2014-5-25T15:10:14.569 23.27 26.19 -5.60 26.46 -0.02 0.47 0.83 -25.42 62.13 63.57 -0.92 -0.31 -0.27
2014-5-25T15:10:15.577 23.08 26.19 1.55 26.46 -0.02 0.47 0.83 -25.42 62.13 63.57 -1.14 -0.37 -0.12
2014-5-25T15:10:16.586 23.20 26.19 1.55 26.46 -0.02 0.47 0.84 -25.45 61.95 63.63 -1.12 -0.37 0.02
2014-5-25T15:10:17.595 23.41 26.19 1.55 26.46 -0.02 0.47 0.84 -25.45 61.95 63.63 -1.23 -0.30 -0.18
2014-5-25T15:10:18.603 23.37 26.19 1.55 26.46 -0.02 0.47 0.84 -25.24 61.95 63.48 -1.24 -0.18 -0.08
2014-5-25T15:10:19.612 23.11 26.19 8.70 26.46 -0.02 0.47 0.83 -25.24 61.95 63.48 -1.13 -0.38 -0.11
2014-5-25T15:10:20.619 23.34 26.19 8.70 26.46 -0.02 0.45 0.84 -25.48 62.10 63.54 -1.21 -0.40 -0.18
2014-5-25T15:10:21.628 23.39 26.19 8.70 26.46 0.00 0.48 0.84 -25.48 62.10 63.54 -1.30 -0.37 -0.02
2014-5-25T15:10:22.636 23.06 26.19 8.67 26.46 -0.02 0.47 0.83 -25.33 62.04 63.66 -1.14 -0.38 -0.22
2014-5-25T15:10:23.645 23.26 26.16 1.52 26.46 -0.02 0.47 0.83 -25.33 62.04 63.66 -1.25 -0.32 -0.19
2014-5-25T15:10:24.654 23.47 26.16 1.55 26.46 -0.02 0.47 0.84 -25.45 61.98 63.54 -1.10 -0.24 -0.05
2014-5-25T15:10:25.667 23.24 26.16 1.55 26.46 -0.02 0.47 0.84 -25.45 61.98 63.54 -1.24 -0.29 -0.18
2014-5-25T15:10:26.677 23.42 26.16 1.55 26.46 -0.02 0.47 0.84 -25.42 62.16 63.20 -1.08 -0.36 -0.18
2014-5-25T15:10:27.686 23.47 26.16 1.55 26.46 -0.02 0.47 0.86 -25.42 62.16 63.20 -1.11 -0.11 0.01
2014-5-25T15:10:28.695 23.38 26.16 1.55 26.46 -0.02 0.47 0.84 -25.42 62.04 63.45 -1.24 -0.21 -0.12
2014-5-25T15:10:29.704 23.35 26.16 1.52 26.46 -0.02 0.45 0.84 -25.42 62.04 63.45 -1.02 -0.48 -0.05
2014-5-25T15:10:30.711 23.33 26.16 37.28 26.46 -0.02 0.47 0.83 -25.33 62.16 63.69 -1.24 -0.48 -0.12
2014-5-25T15:10:31.720 23.54 26.16 37.28 26.46 -0.02 0.47 0.86 -25.33 62.16 63.69 -1.11 -0.38 -0.21
2014-5-25T15:10:32.729 23.38 26.16 8.67 26.46 -0.02 0.47 0.84 -25.30 62.10 63.78 -1.24 -0.40 0.02
2014-5-25T15:10:33.736 23.35 26.16 8.67 26.46 -0.02 0.47 0.81 -25.30 62.10 63.78 -1.27 -0.31 -0.07
2014-5-25T15:10:34.745 23.40 26.16 15.82 26.46 0.00 0.47 0.84 -25.39 62.10 63.54 -1.12 -0.30 -0.14
2014-5-25T15:10:35.754 23.40 26.16 15.82 26.37 -0.02 0.47 0.84 -25.39 62.10 63.54 -1.23 -0.25 -0.08
2014-5-25T15:10:36.762 23.21 26.16 22.98 26.37 -0.02 0.47 0.84 -25.39 62.01 63.48 -0.99 -0.31 -0.18
2014-5-25T15:10:37.770 23.54 26.16 23.01 26.37 -0.02 0.45 0.84 -25.39 62.01 63.48 -1.22 -0.51 -0.22
2014-5-25T15:10:38.779 23.49 26.16 51.62 26.37 -0.02 0.47 0.84 -25.42 62.26 63.45 -1.08 -0.52 0.06
2014-5-25T15:10:39.786 23.19 26.16 51.58 26.37 0.00 0.47 0.86 -25.42 62.26 63.45 -1.10 -0.35 -0.11
2014-5-25T15:10:40.793 23.56 26.16 22.98 26.46 -0.02 0.45 0.84 -25.51 62.10 63.63 -1.37 -0.28 -0.22
2014-5-25T15:10:41.802 23.49 26.16 22.98 26.37 -0.02 0.47 0.84 -25.51 62.10 63.63 -1.20 -0.35 -0.25
2014-5-25T15:10:42.816 23.54 26.16 8.67 26.37 0.00 0.47 0.84 -25.39 62.26 63.66 -1.24 -0.29 -0.09
2014-5-25T15:10:43.825 23.49 26.16 8.67 26.37 -0.02 0.47 0.84 -25.39 62.26 63.66 -1.26 -0.30 -0.19
2014-5-25T15:10:44.833 23.52 26.16 8.67 26.37 -0.02 0.47 0.86 -25.42 62.19 63.66 -1.12 -0.31 -0.14
2014-5-25T15:10:45.842 23.48 26.13 30.13 26.37 0.00 0.48 0.84 -25.42 62.19 63.66 -0.96 -0.23 -0.03
2014-5-25T15:10:46.851 23.42 26.16 30.13 26.37 -0.03 0.47 0.86 -25.42 62.16 63.32 -1.14 -0.37 -0.17
2014-5-25T15:10:47.859 23.35 26.16 22.98 26.37 -0.02 0.47 0.86 -25.42 62.16 63.32 -1.18 -0.39 -0.21
2014-5-25T15:10:48.868 23.65 26.13 22.97 26.37 -0.02 0.47 0.83 -25.54 62.01 63.42 -1.07 -0.39 0.08
2014-5-25T15:10:49.877 23.37 26.13 30.12 26.46 -0.02 0.47 0.84 -25.54 62.01 63.42 -1.08 -0.34 -0.27
2014-5-25T15:10:50.885 23.39 26.13 30.13 26.46 0.00 0.48 0.84 -25.24 61.92 63.29 -1.14 -0.31 -0.27
2014-5-25T15:10:51.894 23.44 26.13 15.82 26.37 -0.02 0.47 0.84 -25.24 61.92 63.29 -1.27 -0.31 -0.15
2014-5-25T15:10:52.902 23.25 26.13 15.82 26.37 -0.02 0.47 0.86 -25.42 62.01 63.63 -1.37 -0.12 0.05
2014-5-25T15:10:53.910 23.13 26.13 51.58 26.37 0.00 0.48 0.84 -25.42 62.01 63.63 -1.30 -0.41 -0.19
2014-5-25T15:10:54.919 23.25 26.13 51.58 26.37 0.00 0.48 0.84 -25.18 62.13 63.57 -1.02 -0.35 0.07
2014-5-25T15:10:55.926 23.48 26.13 51.58 26.37 -0.02 0.47 0.84 -25.18 62.13 63.57 -1.17 -0.40 -0.19
2014-5-25T15:10:56.935 23.48 26.13 51.58 26.37 -0.02 0.47 0.84 -25.39 62.10 63.42 -1.14 -0.32 0.08
2014-5-25T15:10:57.945 23.60 26.13 51.58 26.37 -0.02 0.45 0.84 -25.39 62.10 63.42 -1.14 -0.37 -0.08
2014-5-25T15:10:58.954 23.60 26.13 30.12 26.37 -0.02 0.47 0.86 -25.45 62.01 63.45 -1.17 -0.38 -0.21
2014-5-25T15:10:59.962 23.32 26.13 30.12 26.37 -0.02 0.47 0.84 -25.45 62.01 63.45 -1.19 -0.30 -0.14
2014-5-25T15:11:0.969 23.34 26.13 22.97 26.37 -0.02 0.45 0.84 -25.45 62.01 63.23 -1.28 -0.34 -0.04
2014-5-25T15:11:1.978 23.51 26.13 22.97 26.37 0.00 0.48 0.84 -25.45 62.01 63.23 -1.26 -0.37 -0.17
2014-5-25T15:11:2.986 23.51 26.13 37.28 26.37 -0.02 0.45 0.86 -25.36 62.10 63.08 -1.14 -0.24 -0.10
2014-5-25T15:11:3.995 23.20 26.13 37.27 26.37 -0.02 0.47 0.83 -25.36 62.10 63.08 -1.11 -0.25 -0.10
2014-5-25T15:11:5.003 23.20 26.13 58.73 26.37 -0.02 0.45 0.84 -25.48 62.10 63.63 -1.14 -0.23 -0.27
2014-5-25T15:11:6.012 23.51 26.13 58.73 26.37 -0.02 0.47 0.84 -25.48 62.10 63.63 -1.29 -0.27 -0.18
2014-5-25T15:11:7.020 23.25 26.13 44.43 26.37 -0.02 0.48 0.84 -25.51 62.04 63.66 -0.99 -0.26 -0.22
2014-5-25T15:11:8.029 23.32 26.13 44.43 26.37 -0.02 0.47 0.84 -25.51 62.04 63.66 -1.11 -0.48 -0.12
2014-5-25T15:11:9.038 23.27 26.13 30.12 26.37 -0.02 0.47 0.84 -25.30 62.19 63.35 -1.09 -0.36 -0.25
2014-5-25T15:11:10.045 23.60 26.13 30.12 26.37 -0.02 0.47 0.84 -25.30 62.19 63.35 -1.27 -0.19 -0.21
2014-5-25T15:11:11.055 23.23 26.13 22.97 26.37 -0.02 0.48 0.84 -25.39 62.23 63.29 -1.08 -0.24 -0.24
2014-5-25T15:11:12.063 23.31 26.09 22.97 26.37 -0.02 0.45 0.84 -25.39 62.23 63.29 -1.08 -0.24 -0.24
2014-5-25T15:11:13.072 23.40 26.09 58.73 26.37 -0.02 0.47 0.84 -25.36 62.07 63.17 -1.23 -0.40 0.05
2014-5-25T15:11:14.080 23.24 26.09 58.73 26.37 -0.02 0.47 0.83 -25.36 62.07 63.17 -1.19 -0.25 -0.13
2014-5-25T15:11:15.088 23.28 26.09 58.73 26.37 -0.02 0.47 0.83 -25.51 62.01 63.39 -1.10 -0.33 -0.03
2014-5-25T15:11:16.097 23.31 26.09 51.58 26.37 -0.02 0.47 0.84 -25.51 62.01 63.39 -1.17 -0.27 -0.23
2014-5-25T15:11:17.106 23.26 26.09 51.57 26.37 -0.02 0.45 0.86 -25.36 62.13 63.05 -1.05 -0.17 -0.01
2014-5-25T15:11:18.121 23.26 26.09 37.27 26.37 -0.02 0.48 0.83 -25.51 62.07 63.23 -1.05 -0.27 -0.24
2014-5-25T15:11:19.130 23.21 26.09 37.27 26.37 -0.02 0.47 0.84 -25.51 62.07 63.23 -1.20 -0.40 0.03
2014-5-25T15:11:20.138 23.45 26.09 51.57 26.37 -0.03 0.47 0.84 -25.51 62.07 63.23 -1.05 -0.28 -0.18
2014-5-25T15:11:21.147 23.35 26.09 51.57 26.37 -0.02 0.47 0.84 -25.60 62.07 63.72 -1.19 -0.40 -0.22
2014-5-25T15:11:22.155 23.19 26.09 51.57 26.37 0.00 0.47 0.84 -25.45 62.29 63.87 -1.21 -0.32 -0.15
2014-5-25T15:11:23.164 23.45 26.09 51.57 26.37 -0.02 0.47 0.83 -25.45 62.29 63.87 -1.19 -0.27 -0.04
2014-5-25T15:11:24.173 23.31 26.09 44.42 26.37 0.00 0.47 0.84 -25.45 62.29 63.32 -1.10 -0.48 -0.12
2014-5-25T15:11:25.182 23.31 26.09 44.43 26.37 0.00 0.47 0.83 -25.45 62.29 63.32 -1.34 -0.25 -0.27
2014-5-25T15:11:26.191 23.28 26.09 65.88 26.37 -0.02 0.47 0.83 -25.48 62.19 63.66 -1.21 -0.25 0.18
2014-5-25T15:11:27.198 23.42 26.09 65.87 26.37 0.00 0.47 0.84 -25.48 62.19 63.66 -1.15 -0.35 -0.29
2014-5-25T15:11:28.207 23.19 26.09 65.87 26.37 -0.02 0.47 0.83 -25.48 62.16 63.60 -1.30 -0.16 0.01
2014-5-25T15:11:29.215 23.07 26.09 65.87 26.37 -0.02 0.47 0.84 -25.48 62.16 63.60 -1.15 -0.45 0.00
2014-5-25T15:11:30.223 23.45 26.09 65.87 26.37 -0.02 0.47 0.84 -25.45 62.01 62.90 -1.07 -0.24 -0.13
2014-5-25T15:11:31.236 23.21 26.09 51.57 26.37 -0.02 0.48 0.83 -25.45 62.01 62.90 -1.10 -0.16 -0.27
2014-5-25T15:11:32.244 23.21 26.09 51.57 26.37 -0.02 0.47 0.83 -25.33 62.26 63.32 -1.26 -0.52 -0.23
2014-5-25T15:11:33.253 23.35 26.09 87.32 26.37 -0.02 0.47 0.84 -25.33 62.26 63.32 -0.99 -0.29 -0.14
2014-5-25T15:11:34.260 23.41 26.06 87.32 26.37 -0.02 0.47 0.84 -25.30 62.10 63.11 -1.16 -0.30 -0.18
2014-5-25T15:11:35.269 23.30 26.06 80.17 26.37 -0.02 0.45 0.83 -25.30 62.10 63.11 -1.15 -0.36 -0.11
2014-5-25T15:11:36.278 23.32 26.06 80.17 26.37 -0.02 0.47 0.83 -25.42 62.13 63.51 -1.18 -0.29 -0.14
2014-5-25T15:11:37.285 23.44 26.06 51.57 26.37 -0.02 0.47 0.86 -25.42 62.13 63.51 -1.17 -0.31 -0.30
2014-5-25T15:11:38.294 23.51 26.06 51.57 26.37 -0.02 0.47 0.84 -25.48 62.07 63.78 -1.11 -0.27 -0.05
2014-5-25T15:11:39.302 23.27 26.06 80.17 26.37 -0.02 0.47 0.84 -25.48 62.07 63.78 -1.37 -0.36 -0.02
2014-5-25T15:11:40.310 23.55 26.06 80.17 26.37 -0.02 0.47 0.83 -25.54 62.01 63.11 -0.95 -0.47 -0.07
2014-5-25T15:11:41.318 23.39 26.06 73.02 26.37 -0.02 0.47 0.84 -25.54 62.01 63.11 -1.17 -0.28 -0.38
2014-5-25T15:11:42.325 23.16 26.06 73.02 26.37 -0.02 0.47 0.83 -25.51 62.29 63.87 -1.01 -0.27 -0.02
2014-5-25T15:11:43.334 23.39 26.06 80.17 26.37 -0.02 0.47 0.84 -25.51 62.29 63.87 -1.24 -0.13 -0.15
2014-5-25T15:11:44.343 23.37 26.06 80.17 26.37 0.00 0.47 0.84 -25.39 62.26 63.45 -1.15 -0.24 -0.10
2014-5-25T15:11:45.350 23.11 26.06 80.17 26.37 0.00 0.47 0.83 -25.39 62.26 63.45 -1.08 -0.24 0.08
2014-5-25T15:11:46.358 23.27 26.06 65.87 26.37 -0.02 0.47 0.84 -25.54 62.16 63.60 -1.27 -0.23 -0.27
2014-5-25T15:11:47.367 23.44 26.06 65.87 26.37 -0.02 0.48 0.84 -25.54 62.16 63.60 -1.05 -0.28 -0.06
2014-5-25T15:11:48.376 23.06 26.06 80.17 26.37 -0.02 0.47 0.84 -25.73 62.23 63.54 -0.85 -0.15 -0.08
2014-5-25T15:11:49.384 23.25 26.06 80.17 26.37 -0.02 0.47 0.84 -25.73 62.23 63.54 -1.28 -0.32 -0.04
2014-5-25T15:11:50.392 23.25 26.06 80.17 26.37 -0.03 0.45 0.84 -25.51 62.23 63.96 -0.96 -0.37 -0.12
2014-5-25T15:11:51.400 23.44 26.06 80.17 26.37 0.00 0.47 0.84 -25.51 62.23 63.96 -1.00 -0.28 -0.19
2014-5-25T15:11:52.409 23.41 26.06 80.17 26.37 -0.02 0.47 0.84 -25.45 62.38 63.35 -1.01 -0.46 -0.18
2014-5-25T15:11:53.418 23.32 26.06 80.17 26.37 -0.02 0.47 0.84 -25.45 62.38 63.35 -1.17 -0.36 -0.13
2014-5-25T15:11:54.426 23.46 26.06 73.02 26.37 0.00 0.48 0.84 -25.57 62.44 63.66 -1.16 -0.28 0.06
2014-5-25T15:11:55.433 23.34 26.06 73.01 26.37 -0.02 0.47 0.84 -25.57 62.44 63.66 -1.16 -0.45 -0.16
2014-5-25T15:11:56.444 23.48 26.06 80.16 26.37 -0.02 0.47 0.84 -25.54 62.35 63.29 -1.09 -0.24 -0.11
2014-5-25T15:11:57.453 23.53 26.06 80.17 26.37 -0.02 0.47 0.84 -25.54 62.35 63.29 -1.20 -0.18 -0.21
2014-5-25T15:11:58.470 23.39 26.06 58.72 26.37 -0.02 0.45 0.86 -25.42 62.13 63.60 -1.19 -0.34 -0.06
2014-5-25T15:11:59.477 23.17 26.03 58.72 26.37 -0.02 0.48 0.84 -25.42 62.13 63.60 -1.25 -0.31 -0.20
2014-5-25T15:12:0.486 23.45 26.03 58.73 26.37 -0.02 0.47 0.86 -25.70 62.16 63.87 -1.14 -0.21 -0.30
2014-5-25T15:12:1.494 23.45 26.03 108.78 26.37 -0.02 0.47 0.83 -25.70 62.16 63.87 -1.27 -0.25 0.04
2014-5-25T15:12:2.502 23.12 26.03 108.76 26.37 0.00 0.47 0.83 -25.63 62.32 63.66 -1.12 -0.28 -0.34
2014-5-25T15:12:3.514 23.26 26.03 87.32 26.37 0.00 0.47 0.83 -25.63 62.32 63.66 -1.05 -0.14 -0.19
2014-5-25T15:12:4.523 23.33 26.03 87.32 26.37 0.00 0.47 0.83 -25.42 62.13 63.57 -1.12 -0.29 -0.11
2014-5-25T15:12:5.530 23.31 26.03 108.77 26.37 0.00 0.45 0.84 -25.42 62.13 63.57 -1.24 -0.32 -0.27
2014-5-25T15:12:6.537 23.42 26.03 108.76 26.28 -0.02 0.47 0.84 -25.45 62.10 63.42 -1.21 -0.26 -0.10
2014-5-25T15:12:7.546 23.35 26.03 94.47 26.28 -0.02 0.47 0.84 -25.45 62.10 63.42 -1.18 -0.32 -0.31
2014-5-25T15:12:8.554 23.42 26.03 94.47 26.37 -0.02 0.45 0.84 -25.39 62.16 63.75 -0.99 -0.32 -0.13
2014-5-25T15:12:9.564 23.10 26.03 87.32 26.28 -0.02 0.45 0.84 -25.39 62.16 63.75 -1.14 -0.23 -0.08
2014-5-25T15:12:10.572 23.28 26.03 87.31 26.28 -0.02 0.45 0.84 -25.51 62.16 63.93 -0.99 -0.12 -0.24
2014-5-25T15:12:11.579 23.24 26.03 108.76 26.28 -0.02 0.45 0.86 -25.51 62.16 63.93 -1.15 -0.45 -0.22
2014-5-25T15:12:12.587 23.42 26.03 108.76 26.28 -0.02 0.45 0.84 -25.30 61.86 63.57 -1.12 -0.29 -0.16
2014-5-25T15:12:13.596 23.26 26.03 108.76 26.28 -0.02 0.45 0.84 -25.30 61.86 63.57 -1.40 -0.17 -0.02
2014-5-25T15:12:14.605 23.35 26.03 108.76 26.28 -0.02 0.47 0.84 -25.45 62.19 63.45 -1.17 -0.25 -0.07
2014-5-25T15:12:15.613 23.21 26.03 108.74 26.28 -0.02 0.45 0.84 -25.45 62.19 63.45 -1.37 -0.30 -0.03
2014-5-25T15:12:16.621 23.03 26.03 123.04 26.37 -0.02 0.45 0.84 -25.45 62.10 63.48 -1.32 -0.27 0.21
2014-5-25T15:12:17.628 23.35 26.03 123.06 26.28 -0.02 0.47 0.84 -25.45 62.10 63.48 -1.14 -0.43 -0.14
2014-5-25T15:12:18.635 23.34 26.00 101.61 26.28 -0.02 0.47 0.84 -25.54 62.10 63.66 -1.09 -0.33 -0.34
2014-5-25T15:12:19.644 23.05 26.03 101.61 26.28 -0.02 0.45 0.83 -25.54 62.10 63.66 -1.15 -0.31 0.08
2014-5-25T15:12:20.652 23.25 26.00 108.76 26.28 -0.02 0.47 0.83 -25.51 62.13 63.48 -1.17 -0.26 -0.11
2014-5-25T15:12:21.661 23.39 26.00 108.76 26.28 -0.02 0.47 0.84 -25.51 62.13 63.48 -1.13 -0.23 0.00
2014-5-25T15:12:22.669 23.23 26.00 101.61 26.28 -0.02 0.45 0.86 -25.51 62.07 63.69 -1.26 -0.39 -0.22
2014-5-25T15:12:23.677 23.16 26.00 101.60 26.28 -0.02 0.47 0.84 -25.51 62.07 63.69 -1.21 -0.31 -0.15
2014-5-25T15:12:24.686 23.37 26.00 101.60 26.29 -0.02 0.47 0.84 -25.48 62.19 63.32 -1.21 -0.24 0.05
2014-5-25T15:12:25.694 23.48 26.00 101.60 26.28 -0.02 0.45 0.86 -25.48 62.19 63.32 -1.15 -0.25 -0.08
2014-5-25T15:12:26.702 23.06 26.00 108.75 26.28 -0.02 0.48 0.84 -25.60 62.19 63.35 -1.05 -0.47 -0.18
2014-5-25T15:12:27.710 23.41 26.00 108.75 26.28 -0.02 0.47 0.84 -25.60 62.19 63.35 -1.09 -0.14 -0.12
2014-5-25T15:12:28.719 23.25 26.00 108.75 26.28 0.00 0.47 0.84 -25.48 62.10 63.26 -1.19 -0.40 -0.28
2014-5-25T15:12:29.726 23.34 26.00 108.75 26.28 -0.02 0.47 0.84 -25.48 62.10 63.26 -1.06 -0.33 -0.24
2014-5-25T15:12:30.734 23.37 26.00 108.75 26.28 -0.02 0.47 0.84 -25.67 62.19 63.23 -1.21 -0.52 -0.12
2014-5-25T15:12:31.743 23.37 26.00 94.45 26.28 -0.02 0.45 0.84 -25.67 62.19 63.23 -1.18 -0.42 -0.05
2014-5-25T15:12:32.751 23.32 26.00 94.46 26.29 -0.02 0.47 0.83 -25.33 62.16 63.69 -0.93 -0.31 -0.05
2014-5-25T15:12:33.760 23.09 26.00 108.75 26.28 -0.02 0.45 0.84 -25.33 62.16 63.69 -1.26 -0.18 0.06
2014-5-25T15:12:34.769 23.32 26.00 108.75 26.28 -0.02 0.47 0.84 -25.39 61.95 63.42 -1.12 -0.38 -0.38
2014-5-25T15:12:35.777 23.34 26.00 123.05 26.28 -0.02 0.45 0.84 -25.39 61.95 63.42 -1.24 -0.31 -0.06
2014-5-25T15:12:36.785 23.13 26.00 123.05 26.28 -0.02 0.47 0.84 -25.36 62.13 63.66 -1.34 -0.15 -0.23
2014-5-25T15:12:37.792 23.27 26.00 137.34 26.28 -0.02 0.45 0.84 -25.36 62.13 63.66 -1.27 -0.43 -0.11
2014-5-25T15:12:38.801 23.39 26.00 137.34 26.28 0.00 0.47 0.84 -25.45 62.07 63.69 -0.93 -0.27 -0.02
2014-5-25T15:12:39.808 23.23 26.00 108.75 26.28 -0.02 0.47 0.86 -25.45 62.07 63.69 -1.25 -0.21 -0.06
2014-5-25T15:12:40.818 23.27 26.00 108.75 26.28 -0.02 0.48 0.83 -25.63 62.29 63.39 -1.21 -0.37 0.02
2014-5-25T15:12:41.826 23.35 25.97 130.20 26.28 -0.02 0.45 0.83 -25.63 62.29 63.39 -1.16 -0.28 -0.26
2014-5-25T15:12:42.835 23.19 25.97 130.19 26.28 -0.02 0.47 0.83 -25.51 62.19 63.75 -1.24 -0.36 -0.04
2014-5-25T15:12:43.844 23.28 25.97 101.60 26.28 -0.02 0.47 0.84 -25.51 62.19 63.75 -1.31 -0.28 -0.37
2014-5-25T15:12:44.852 23.26 25.97 101.60 26.28 -0.02 0.45 0.84 -25.48 62.19 63.45 -1.35 -0.22 -0.05
2014-5-25T15:12:45.861 23.24 25.97 101.60 26.28 -0.02 0.47 0.84 -25.48 62.19 63.45 -1.14 -0.38 -0.16
2014-5-25T15:12:46.868 23.21 25.97 130.19 26.28 -0.02 0.47 0.84 -25.39 62.16 63.32 -1.01 -0.33 -0.24
2014-5-25T15:12:47.877 23.28 25.97 130.18 26.29 0.00 0.47 0.84 -25.39 62.16 63.32 -1.20 -0.31 -0.11
2014-5-25T15:12:48.893 23.45 25.97 144.48 26.28 -0.02 0.47 0.84 -25.48 62.10 63.32 -1.02 -0.21 0.05
2014-5-25T15:12:49.902 23.12 25.97 144.49 26.28 -0.02 0.47 0.84 -25.48 62.10 63.32 -1.25 -0.21 -0.24
2014-5-25T15:12:50.910 22.98 25.97 123.04 26.29 0.00 0.48 0.83 -25.36 62.01 63.14 -1.34 -0.42 -0.22
2014-5-25T15:12:51.919 23.14 25.97 123.04 26.28 -0.02 0.47 0.86 -25.36 62.01 63.14 -1.40 -0.28 -0.11
2014-5-25T15:12:52.927 23.21 25.97 101.60 26.28 -0.02 0.47 0.84 -25.67 62.32 63.11 -1.18 -0.23 -0.16
2014-5-25T15:12:53.935 23.07 25.97 101.59 26.28 -0.02 0.47 0.84 -25.67 62.32 63.11 -1.10 -0.36 -0.11
2014-5-25T15:12:54.942 23.12 25.97 123.04 26.29 0.00 0.47 0.84 -25.60 62.07 63.72 -1.30 -0.41 -0.22
2014-5-25T15:12:55.950 23.33 25.97 123.04 26.20 -0.02 0.48 0.84 -25.60 62.07 63.72 -1.19 -0.15 -0.08
2014-5-25T15:12:56.958 23.21 25.97 137.34 26.20 -0.02 0.47 0.84 -25.60 62.07 63.45 -1.18 -0.34 0.02
2014-5-25T15:12:57.967 23.31 25.97 137.33 26.20 -0.02 0.47 0.83 -25.60 62.07 63.45 -1.24 -0.36 -0.22
2014-5-25T15:12:58.976 23.28 25.97 151.63 26.20 -0.02 0.47 0.84 -25.51 62.19 63.81 -1.22 -0.50 -0.07
2014-5-25T15:12:59.985 23.24 25.97 151.63 26.20 -0.02 0.47 0.84 -25.51 62.19 63.81 -1.21 -0.11 -0.23
2014-5-25T15:13:0.993 23.21 25.97 151.63 26.20 -0.02 0.47 0.83 -25.67 62.16 63.60 -1.29 -0.31 -0.26
2014-5-25T15:13:2.001 23.12 25.97 151.63 26.20 -0.02 0.47 0.84 -25.67 62.16 63.60 -1.17 -0.34 -0.10
2014-5-25T15:13:3.009 23.34 25.94 151.64 26.20 -0.02 0.47 0.84 -25.39 62.32 63.81 -1.24 -0.53 -0.06
2014-5-25T15:13:4.017 23.23 25.94 158.78 26.20 -0.02 0.47 0.84 -25.39 62.32 63.81 -1.37 -0.27 -0.04
2014-5-25T15:13:5.026 23.06 25.94 158.79 26.20 -0.02 0.47 0.83 -25.60 62.23 63.60 -1.40 -0.23 -0.18
2014-5-25T15:13:6.033 23.02 25.94 137.34 26.20 -0.02 0.48 0.84 -25.60 62.23 63.60 -1.02 -0.42 0.06
2014-5-25T15:13:7.042 22.97 25.94 137.33 26.20 -0.02 0.47 0.84 -25.51 62.07 63.35 -1.17 -0.40 -0.28
2014-5-25T15:13:8.049 22.90 25.94 151.63 26.20 -0.02 0.47 0.86 -25.51 62.07 63.35 -1.18 -0.21 -0.02
2014-5-25T15:13:9.058 22.92 25.94 151.63 26.20 -0.02 0.47 0.83 -25.51 62.04 63.48 -1.05 -0.10 -0.29
2014-5-25T15:13:10.066 23.30 25.94 144.48 26.20 -0.02 0.47 0.83 -25.51 62.04 63.48 -1.01 -0.41 -0.34
2014-5-25T15:13:11.075 23.09 25.94 144.47 26.29 -0.02 0.45 0.83 -25.57 62.19 62.96 -1.00 -0.19 -0.05
2014-5-25T15:13:12.084 22.95 25.94 151.62 26.20 -0.02 0.45 0.84 -25.57 62.19 62.96 -1.01 -0.22 -0.33
2014-5-25T15:13:13.092 23.30 25.94 151.62 26.20 -0.02 0.47 0.84 -25.48 62.38 63.05 -1.11 -0.47 -0.07
2014-5-25T15:13:14.100 23.11 25.94 151.62 26.20 -0.02 0.47 0.86 -25.48 62.38 63.05 -1.28 -0.16 -0.13
2014-5-25T15:13:15.108 23.02 25.94 151.63 26.20 -0.02 0.47 0.84 -25.51 62.16 62.99 -1.31 -0.35 -0.13
2014-5-25T15:13:16.117 23.18 25.94 151.63 26.20 0.00 0.48 0.84 -25.51 62.16 62.99 -1.08 -0.33 -0.47
2014-5-25T15:13:17.126 23.32 25.94 158.77 26.20 0.00 0.48 0.86 -25.57 62.19 63.39 -1.20 -0.47 -0.24
2014-5-25T15:13:18.133 23.23 25.94 158.77 26.29 0.00 0.48 0.86 -25.57 62.19 63.39 -0.88 -0.34 -0.38
2014-5-25T15:13:19.140 23.13 25.94 144.47 26.29 -0.02 0.48 0.84 -25.54 62.23 63.32 -0.88 -0.34 -0.38
2014-5-25T15:13:20.148 23.37 25.94 144.48 26.20 -0.02 0.47 0.83 -25.54 62.13 63.42 -1.15 -0.27 -0.10
2014-5-25T15:13:21.157 23.23 25.94 158.78 26.20 0.00 0.48 0.84 -25.54 62.13 63.42 -1.29 -0.34 -0.22
2014-5-25T15:13:22.166 23.25 25.94 158.77 26.20 0.00 0.47 0.84 -25.36 62.23 63.45 -1.21 -0.40 -0.14
2014-5-25T15:13:23.173 23.32 25.94 151.62 26.20 -0.02 0.48 0.84 -25.36 62.23 63.45 -1.08 -0.40 -0.21
2014-5-25T15:13:24.180 23.37 25.94 151.62 26.20 -0.02 0.48 0.84 -25.36 62.23 63.45 -1.26 -0.24 -0.25
2014-5-25T15:13:25.188 23.20 25.94 180.21 26.20 0.00 0.47 0.83 -25.51 62.13 63.48 -1.17 -0.25 -0.33
2014-5-25T15:13:26.196 23.20 25.94 180.21 26.20 -0.02 0.47 0.83 -25.51 62.19 63.51 -1.19 -0.31 -0.32
2014-5-25T15:13:27.205 23.33 25.91 151.62 26.20 -0.02 0.47 0.84 -25.51 62.19 63.51 -1.22 -0.52 -0.18
2014-5-25T15:13:28.212 23.26 25.91 151.61 26.20 -0.02 0.47 0.84 -25.45 62.26 63.26 -0.98 -0.43 -0.11
2014-5-25T15:13:29.221 23.12 25.91 151.61 26.20 -0.02 0.45 0.83 -25.45 62.26 63.26 -1.17 -0.20 0.02
2014-5-25T15:13:30.228 23.17 25.91 151.61 26.20 -0.02 0.47 0.84 -25.39 62.26 63.57 -1.21 -0.45 -0.42
2014-5-25T15:13:31.236 23.14 25.91 151.61 26.20 0.00 0.47 0.84 -25.39 62.26 63.57 -1.28 -0.27 -0.24
2014-5-25T15:13:32.244 22.91 25.91 165.91 26.20 -0.02 0.47 0.83 -25.48 62.35 63.57 -1.24 -0.18 -0.11
2014-5-25T15:13:33.252 23.14 25.91 165.91 26.20 -0.02 0.47 0.86 -25.48 62.35 63.57 -1.00 -0.43 -0.07
2014-5-25T15:13:34.261 23.24 25.91 173.06 26.20 -0.03 0.47 0.84 -25.45 62.26 63.75 -1.23 -0.36 -0.20
2014-5-25T15:13:35.268 23.03 25.91 173.06 26.20 -0.02 0.47 0.83 -25.45 62.26 63.75 -1.16 -0.39 -0.02
2014-5-25T15:13:36.277 23.10 25.91 194.50 26.20 -0.02 0.48 0.84 -25.45 62.32 63.42 -1.14 -0.34 -0.20
2014-5-25T15:13:37.285 23.24 25.91 194.49 26.20 -0.02 0.47 0.83 -25.45 62.32 63.42 -1.05 -0.38 -0.05
2014-5-25T15:13:38.293 23.17 25.91 165.90 26.20 -0.02 0.45 0.84 -25.54 62.10 63.90 -1.04 0.06 -0.11
2014-5-25T15:13:39.301 23.14 25.91 165.90 26.20 -0.02 0.47 0.83 -25.54 62.10 63.90 -1.25 -0.31 -0.03
2014-5-25T15:13:40.309 23.26 25.91 208.79 26.20 -0.02 0.47 0.83 -25.33 62.23 63.51 -1.01 -0.41 -0.21
2014-5-25T15:13:41.318 23.26 25.91 208.80 26.20 0.00 0.45 0.86 -25.33 62.23 63.51 -0.99 -0.25 0.00
2014-5-25T15:13:42.333 23.12 25.91 165.92 26.20 -0.02 0.47 0.84 -25.45 62.23 63.72 -1.05 -0.39 -0.06
2014-5-25T15:13:43.342 23.00 25.91 165.91 26.20 -0.02 0.48 0.83 -25.45 62.23 63.72 -1.31 -0.20 0.01
2014-5-25T15:13:44.350 23.31 25.91 187.35 26.20 -0.02 0.48 0.84 -25.51 62.10 63.60 -1.10 -0.36 -0.02
2014-5-25T15:13:45.359 23.07 25.91 187.35 26.20 -0.02 0.45 0.84 -25.51 62.10 63.60 -1.10 -0.38 -0.27
2014-5-25T15:13:46.367 22.98 25.91 187.35 26.20 -0.02 0.48 0.86 -25.51 62.29 63.45 -1.14 -0.27 -0.24
2014-5-25T15:13:47.377 23.03 25.91 158.76 26.20 -0.02 0.47 0.84 -25.51 62.29 63.45 -1.12 -0.31 -0.17
2014-5-25T15:13:48.390 23.18 25.88 158.75 26.20 -0.02 0.47 0.83 -25.48 62.23 63.29 -1.25 -0.37 -0.23
2014-5-25T15:13:49.398 22.99 25.88 173.05 26.20 0.00 0.47 0.83 -25.48 62.23 63.29 -1.16 -0.57 -0.27
2014-5-25T15:13:50.408 22.99 25.88 173.05 26.20 0.00 0.47 0.84 -25.45 62.23 63.39 -1.21 -0.38 -0.11
2014-5-25T15:13:51.416 23.18 25.88 165.90 26.20 -0.02 0.47 0.83 -25.45 62.23 63.39 -1.02 -0.31 -0.15
2014-5-25T15:13:52.425 22.88 25.88 165.90 26.20 -0.03 0.45 0.84 -25.39 62.29 63.45 -1.21 -0.37 -0.34
2014-5-25T15:13:53.434 23.16 25.88 165.90 26.20 -0.02 0.47 0.84 -25.39 62.29 63.45 -1.21 -0.31 -0.28
2014-5-25T15:13:54.443 23.16 25.88 165.90 26.20 0.00 0.47 0.84 -25.42 62.38 63.14 -1.12 -0.43 0.02
2014-5-25T15:13:55.450 23.20 25.88 208.78 26.20 -0.02 0.47 0.86 -25.42 62.38 63.14 -1.19 -0.23 -0.02
2014-5-25T15:13:56.458 23.18 25.88 208.79 26.20 -0.02 0.47 0.83 -25.73 62.16 63.39 -1.01 -0.24 -0.21
2014-5-25T15:13:57.467 23.20 25.88 165.90 26.20 -0.02 0.47 0.83 -25.73 62.16 63.39 -1.19 -0.31 -0.15
2014-5-25T15:13:58.483 23.16 25.88 165.90 26.20 -0.02 0.47 0.84 -25.51 62.16 63.14 -1.30 -0.40 -0.18
2014-5-25T15:13:59.492 23.16 25.88 194.49 26.20 -0.02 0.47 0.84 -25.51 62.16 63.14 -1.16 -0.15 -0.01
2014-5-25T15:14:0.499 22.92 25.88 194.48 26.20 -0.02 0.47 0.84 -25.54 62.19 63.57 -1.26 -0.27 -0.11
2014-5-25T15:14:1.508 23.11 25.88 180.18 26.20 -0.02 0.47 0.84 -25.54 62.19 63.57 -1.21 -0.41 0.09
2014-5-25T15:14:2.515 23.11 25.88 180.18 26.20 0.00 0.47 0.84 -25.63 62.16 63.72 -1.24 -0.44 -0.07
2014-5-25T15:14:3.532 23.06 25.88 180.19 26.20 -0.02 0.47 0.84 -25.63 62.16 63.72 -1.37 -0.13 -0.02
2014-5-25T15:14:4.540 23.11 25.88 194.48 26.20 -0.02 0.47 0.84 -25.36 62.10 63.29 -1.21 -0.28 -0.16
2014-5-25T15:14:5.548 23.20 25.88 194.48 26.20 -0.02 0.47 0.83 -25.36 62.10 63.29 -1.21 -0.31 -0.27
2014-5-25T15:14:6.556 23.04 25.88 180.19 26.20 -0.02 0.47 0.84 -25.67 62.10 63.75 -1.16 -0.40 -0.08
2014-5-25T15:14:7.564 23.13 25.88 180.19 26.20 0.00 0.47 0.84 -25.67 62.10 63.75 -1.17 -0.31 -0.22
2014-5-25T15:14:8.573 23.19 25.84 165.90 26.20 -0.02 0.47 0.84 -25.54 62.35 63.39 -1.13 -0.35 -0.01
2014-5-25T15:14:9.582 23.22 25.84 165.89 26.20 -0.02 0.47 0.84 -25.54 62.35 63.39 -1.21 -0.31 0.01
2014-5-25T15:14:10.590 23.18 25.88 201.63 26.20 -0.02 0.48 0.84 -25.42 62.19 63.60 -1.01 -0.18 0.05
2014-5-25T15:14:11.599 23.10 25.84 201.63 26.20 0.00 0.48 0.84 -25.42 62.19 63.60 -1.23 -0.39 -0.08
2014-5-25T15:14:12.606 23.05 25.84 194.48 26.20 -0.02 0.47 0.84 -25.70 62.29 63.11 -1.21 -0.29 -0.08
2014-5-25T15:14:13.615 23.15 25.84 194.48 26.20 -0.02 0.47 0.84 -25.70 62.29 63.11 -1.05 -0.27 -0.24
2014-5-25T15:14:14.623 23.08 25.84 194.48 26.20 -0.02 0.47 0.84 -25.60 62.26 63.57 -1.08 -0.24 -0.21
2014-5-25T15:14:15.630 23.17 25.84 194.48 26.20 -0.02 0.47 0.84 -25.60 62.26 63.57 -1.43 -0.34 -0.14
2014-5-25T15:14:16.637 22.93 25.84 194.48 26.20 -0.02 0.45 0.84 -25.33 62.29 63.63 -1.20 -0.40 -0.02
2014-5-25T15:14:17.645 22.89 25.84 194.48 26.20 -0.02 0.48 0.84 -25.33 62.29 63.63 -1.27 -0.24 -0.24
2014-5-25T15:14:18.654 23.10 25.84 194.48 26.20 -0.02 0.47 0.84 -25.51 62.29 63.60 -1.28 -0.49 -0.09
2014-5-25T15:14:19.662 22.96 25.84 201.62 26.20 -0.02 0.47 0.84 -25.51 62.29 63.60 -1.21 -0.41 -0.14
2014-5-25T15:14:20.671 22.93 25.84 201.62 26.20 -0.02 0.48 0.84 -25.48 62.26 63.45 -1.18 -0.40 -0.08
2014-5-25T15:14:21.679 23.15 25.84 215.92 26.20 0.00 0.47 0.84 -25.48 62.26 63.45 -1.23 -0.42 -0.02
2014-5-25T15:14:22.687 22.79 25.84 215.90 26.20 -0.02 0.47 0.86 -25.27 62.23 63.32 -1.08 -0.43 -0.13
2014-5-25T15:14:23.694 22.96 25.84 223.05 26.20 -0.02 0.48 0.83 -25.27 62.23 63.32 -1.18 -0.35 -0.17
2014-5-25T15:14:24.702 23.05 25.84 223.06 26.20 0.00 0.47 0.83 -25.48 62.32 63.54 -1.11 -0.53 -0.07
2014-5-25T15:14:25.710 23.08 25.84 201.62 26.20 -0.02 0.48 0.84 -25.48 62.32 63.54 -1.09 -0.26 -0.31
2014-5-25T15:14:26.717 22.82 25.84 201.63 26.20 -0.02 0.45 0.84 -25.54 62.35 63.57 -1.05 -0.18 -0.24
2014-5-25T15:14:27.725 23.03 25.84 208.77 26.20 -0.02 0.47 0.84 -25.54 62.35 63.57 -1.14 -0.34 -0.02
2014-5-25T15:14:28.733 23.17 25.84 208.76 26.11 -0.02 0.47 0.84 -25.45 62.29 63.42 -1.05 -0.26 -0.24
2014-5-25T15:14:29.741 23.03 25.84 194.47 26.11 -0.02 0.48 0.84 -25.45 62.29 63.42 -1.09 -0.48 -0.07
2014-5-25T15:14:30.750 22.90 25.81 194.47 26.11 -0.02 0.47 0.84 -25.39 62.16 63.54 -1.05 -0.28 -0.09
2014-5-25T15:14:31.757 23.13 25.81 194.47 26.11 0.00 0.47 0.84 -25.39 62.16 63.54 -1.34 -0.47 -0.11
2014-5-25T15:14:32.766 23.18 25.81 194.47 26.11 -0.02 0.48 0.84 -25.54 62.32 63.60 -1.20 -0.31 -0.07
2014-5-25T15:14:33.775 23.02 25.81 194.46 26.20 -0.02 0.47 0.83 -25.54 62.32 63.60 -1.22 -0.36 0.01
2014-5-25T15:14:34.786 22.92 25.81 223.05 26.12 -0.02 0.48 0.84 -25.54 62.29 63.45 -1.11 -0.34 -0.18
2014-5-25T15:14:35.795 23.30 25.81 223.03 26.12 -0.02 0.48 0.83 -25.54 62.29 63.45 -1.41 -0.37 -0.06
2014-5-25T15:14:36.803 23.18 25.81 237.32 26.12 -0.02 0.47 0.83 -25.63 62.32 63.39 -1.00 -0.20 -0.20
2014-5-25T15:14:37.812 22.90 25.81 237.33 26.11 -0.02 0.45 0.84 -25.63 62.32 63.39 -1.25 -0.24 -0.13
2014-5-25T15:14:38.820 23.06 25.81 208.74 26.11 -0.02 0.47 0.84 -25.67 62.10 63.23 -1.36 -0.23 -0.08
2014-5-25T15:14:39.828 22.95 25.81 208.75 26.11 -0.02 0.47 0.84 -25.67 62.10 63.23 -1.16 -0.27 -0.09
2014-5-25T15:14:40.836 22.92 25.81 223.04 26.11 -0.02 0.47 0.84 -25.60 62.16 63.51 -1.08 -0.32 -0.16
2014-5-25T15:14:41.844 22.92 25.81 223.05 26.20 -0.02 0.47 0.84 -25.60 62.16 63.51 -1.29 -0.28 -0.13
2014-5-25T15:14:42.853 23.23 25.81 223.05 26.12 0.00 0.48 0.84 -25.63 62.23 63.51 -1.13 -0.29 -0.21
2014-5-25T15:14:43.862 22.69 25.81 223.04 26.11 -0.02 0.47 0.84 -25.63 62.23 63.51 -1.19 -0.34 -0.17
2014-5-25T15:14:44.869 23.02 25.81 223.04 26.11 0.00 0.47 0.84 -25.48 62.23 63.14 -1.01 -0.40 -0.08
2014-5-25T15:14:45.878 22.92 25.81 223.04 26.11 -0.02 0.48 0.84 -25.48 62.23 63.14 -1.19 -0.24 -0.18
2014-5-25T15:14:46.885 22.85 25.81 223.04 26.11 -0.02 0.48 0.84 -25.67 62.26 63.39 -1.30 -0.34 -0.09
2014-5-25T15:14:47.894 22.97 25.81 208.75 26.11 -0.02 0.47 0.84 -25.67 62.26 63.39 -1.12 -0.24 -0.21
2014-5-25T15:14:48.902 22.95 25.81 208.74 26.11 -0.02 0.47 0.84 -25.45 62.23 63.42 -1.20 -0.33 -0.08
2014-5-25T15:14:49.911 23.20 25.81 237.33 26.12 0.00 0.47 0.84 -25.45 62.23 63.42 -1.08 -0.33 -0.03
2014-5-25T15:14:50.919 22.92 25.81 237.32 26.11 -0.02 0.47 0.84 -25.36 62.07 63.69 -1.27 -0.28 -0.16
2014-5-25T15:14:51.928 23.02 25.81 223.03 26.11 -0.02 0.47 0.83 -25.36 62.07 63.69 -1.22 -0.39 -0.14
2014-5-25T15:14:52.937 23.16 25.81 223.03 26.11 -0.02 0.47 0.84 -25.30 62.19 63.45 -1.08 -0.24 -0.29
2014-5-25T15:14:53.945 23.04 25.81 251.61 26.11 -0.02 0.47 0.83 -25.30 62.19 63.45 -1.05 -0.27 -0.12
2014-5-25T15:14:54.962 22.82 25.78 251.62 26.11 -0.02 0.48 0.84 -25.51 62.35 63.54 -1.17 -0.41 -0.02
2014-5-25T15:14:55.974 23.01 25.78 244.48 26.11 -0.02 0.47 0.83 -25.51 62.35 63.54 -1.24 -0.40 -0.25
2014-5-25T15:14:56.986 22.86 25.78 244.48 26.12 -0.02 0.45 0.84 -25.51 62.26 63.66 -1.11 -0.25 -0.16
2014-5-25T15:14:57.994 22.72 25.78 251.63 26.11 -0.02 0.47 0.84 -25.51 62.26 63.66 -1.05 -0.47 0.04
2014-5-25T15:14:59.002 22.98 25.78 251.60 26.11 0.00 0.47 0.86 -25.54 62.29 63.78 -1.15 -0.16 -0.11
2014-5-25T15:15:0.010 22.84 25.78 237.31 26.12 -0.02 0.47 0.84 -25.54 62.29 63.78 -1.21 -0.46 0.10
2014-5-25T15:15:1.019 22.89 25.78 237.31 26.12 -0.02 0.47 0.83 -25.33 62.29 63.66 -1.34 -0.12 -0.13
2014-5-25T15:15:2.028 22.86 25.78 237.31 26.11 -0.02 0.47 0.84 -25.33 62.29 63.66 -1.25 -0.19 0.04
2014-5-25T15:15:3.036 23.17 25.78 223.02 26.11 -0.02 0.47 0.84 -25.36 62.19 63.57 -1.03 -0.38 -0.25
2014-5-25T15:15:4.043 22.84 25.78 223.02 26.11 0.00 0.48 0.84 -25.36 62.19 63.57 -1.14 -0.50 -0.14
2014-5-25T15:15:5.052 22.91 25.78 237.31 26.11 0.00 0.47 0.84 -25.45 62.29 63.35 -1.21 -0.24 -0.01
2014-5-25T15:15:6.061 23.12 25.78 237.32 26.11 -0.02 0.47 0.83 -25.45 62.29 63.35 -1.19 -0.27 -0.16
2014-5-25T15:15:7.070 23.08 25.78 244.46 26.11 -0.02 0.45 0.84 -25.57 62.35 63.81 -1.11 -0.33 -0.21
2014-5-25T15:15:8.079 22.91 25.78 244.46 26.11 -0.02 0.48 0.86 -25.57 62.35 63.81 -1.11 -0.33 -0.19
2014-5-25T15:15:9.088 22.91 25.78 251.61 26.11 -0.02 0.47 0.84 -25.48 62.26 63.60 -1.20 -0.37 -0.13
2014-5-25T15:15:10.097 23.08 25.78 251.60 26.11 -0.02 0.47 0.81 -25.48 62.26 63.60 -1.11 -0.21 0.00
2014-5-25T15:15:11.105 23.12 25.78 251.60 26.11 -0.02 0.45 0.81 -25.42 62.29 63.32 -1.14 -0.49 -0.04
2014-5-25T15:15:12.113 22.89 25.78 251.60 26.11 -0.02 0.47 0.84 -25.42 62.29 63.32 -1.27 -0.29 -0.20
2014-5-25T15:15:13.122 23.03 25.78 244.45 26.12 -0.02 0.47 0.86 -25.57 62.38 63.42 -1.45 -0.44 -0.21
2014-5-25T15:15:14.129 22.89 25.78 244.45 26.11 -0.02 0.48 0.84 -25.57 62.38 63.42 -1.11 -0.18 -0.24
2014-5-25T15:15:15.137 22.91 25.78 265.88 26.11 -0.02 0.47 0.84 -25.60 62.29 63.42 -1.05 -0.38 -0.19
2014-5-25T15:15:16.146 22.84 25.78 265.89 26.11 0.00 0.48 0.84 -25.60 62.29 63.42 -1.17 -0.33 -0.13
2014-5-25T15:15:17.154 23.16 25.75 265.89 26.11 -0.02 0.47 0.84 -25.63 62.23 63.57 -1.16 -0.34 -0.02
2014-5-25T15:15:18.161 22.78 25.75 251.60 26.11 -0.02 0.47 0.83 -25.63 62.32 63.51 -1.08 -0.25 -0.02
2014-5-25T15:15:19.168 22.90 25.75 251.59 26.11 -0.02 0.47 0.84 -25.63 62.32 63.51 -1.08 -0.25 -0.02
2014-5-25T15:15:20.177 22.90 25.75 237.30 26.12 -0.03 0.47 0.84 -25.63 62.32 63.51 -1.28 -0.12 -0.10
2014-5-25T15:15:21.186 22.90 25.75 237.30 26.11 -0.02 0.47 0.83 -25.57 62.26 63.78 -1.21 -0.30 -0.08
2014-5-25T15:15:22.194 22.92 25.75 258.74 26.11 -0.02 0.47 0.84 -25.48 62.16 63.42 -1.24 -0.26 -0.08
2014-5-25T15:15:23.201 22.85 25.75 258.74 26.11 -0.02 0.47 0.84 -25.48 62.16 63.42 -1.17 -0.47 0.05
2014-5-25T15:15:24.208 23.04 25.75 251.59 26.11 -0.02 0.47 0.84 -25.57 62.29 63.84 -1.24 -0.29 -0.11
2014-5-25T15:15:25.217 22.92 25.75 251.59 26.11 -0.02 0.47 0.84 -25.57 62.29 63.84 -1.20 -0.40 -0.21
2014-5-25T15:15:26.225 22.85 25.75 244.44 26.11 -0.02 0.47 0.84 -25.42 62.19 63.51 -1.11 -0.32 0.15
2014-5-25T15:15:27.234 22.88 25.75 244.45 26.12 -0.02 0.47 0.84 -25.42 62.19 63.51 -1.18 -0.24 -0.05
2014-5-25T15:15:28.243 22.97 25.75 258.74 26.11 -0.02 0.47 0.83 -25.48 62.26 63.42 -0.85 -0.25 -0.11
2014-5-25T15:15:29.252 22.71 25.75 258.74 26.11 0.00 0.47 0.81 -25.48 62.26 63.42 -1.26 -0.30 -0.24
2014-5-25T15:15:30.260 22.97 25.75 265.88 26.11 -0.02 0.47 0.84 -25.51 62.35 63.35 -1.13 -0.28 0.03
2014-5-25T15:15:31.267 22.88 25.75 265.88 26.11 0.00 0.47 0.83 -25.51 62.35 63.35 -1.18 -0.32 -0.23
2014-5-25T15:15:32.276 22.76 25.75 265.88 26.11 0.00 0.47 0.83 -25.60 62.32 63.29 -1.10 -0.24 -0.27
2014-5-25T15:15:33.289 22.92 25.75 287.32 26.11 -0.02 0.47 0.84 -25.60 62.32 63.29 -1.19 -0.18 -0.11
2014-5-25T15:15:34.298 22.90 25.75 287.27 26.11 -0.02 0.47 0.84 -25.60 62.29 63.81 -1.24 -0.50 -0.23
2014-5-25T15:15:35.307 22.85 25.75 287.27 26.12 -0.02 0.48 0.84 -25.60 62.29 63.81 -1.31 -0.43 -0.22
2014-5-25T15:15:36.315 22.99 25.75 287.31 26.11 -0.02 0.48 0.84 -25.45 62.26 63.57 -1.27 -0.34 -0.11
2014-5-25T15:15:37.323 22.97 25.75 280.16 26.11 -0.02 0.48 0.84 -25.45 62.26 63.57 -1.29 -0.31 0.05
2014-5-25T15:15:38.332 22.97 25.75 280.16 26.11 -0.02 0.48 0.84 -25.51 62.32 63.57 -1.11 -0.36 -0.25
2014-5-25T15:15:39.339 22.90 25.75 280.16 26.11 0.00 0.47 0.84 -25.51 62.32 63.57 -1.10 -0.27 -0.20
2014-5-25T15:15:40.347 22.86 25.72 280.17 26.11 -0.02 0.47 0.83 -25.57 62.32 63.54 -0.99 -0.33 -0.05
2014-5-25T15:15:41.355 23.01 25.72 251.59 26.11 -0.02 0.47 0.83 -25.57 62.32 63.54 -1.27 -0.09 -0.24
2014-5-25T15:15:42.364 22.91 25.72 251.58 26.11 -0.02 0.47 0.83 -25.48 62.26 63.29 -1.14 -0.37 -0.21
2014-5-25T15:15:43.372 22.94 25.72 258.72 26.11 -0.02 0.47 0.84 -25.48 62.26 63.29 -1.17 -0.34 -0.06
2014-5-25T15:15:44.380 22.82 25.72 258.72 26.12 -0.02 0.48 0.86 -25.57 62.13 63.17 -1.17 -0.40 -0.21
2014-5-25T15:15:45.387 22.94 25.72 287.30 26.11 -0.02 0.47 0.84 -25.57 62.13 63.17 -1.17 -0.23 -0.03
2014-5-25T15:15:46.396 22.82 25.72 287.34 26.11 -0.02 0.45 0.86 -25.51 62.10 63.69 -1.21 -0.24 -0.24
2014-5-25T15:15:47.405 22.86 25.72 287.34 26.11 -0.02 0.47 0.83 -25.51 62.10 63.69 -1.24 -0.47 0.02
2014-5-25T15:15:48.414 22.98 25.72 287.34 26.11 -0.02 0.47 0.84 -25.60 62.29 63.26 -1.27 -0.24 -0.10
2014-5-25T15:15:49.422 22.75 25.72 287.30 26.11 -0.02 0.47 0.84 -25.60 62.29 63.26 -1.12 -0.34 0.04
2014-5-25T15:15:50.431 22.68 25.72 258.72 26.11 -0.02 0.47 0.84 -25.42 62.26 63.51 -1.27 -0.13 -0.11
2014-5-25T15:15:51.438 22.89 25.72 258.72 26.12 -0.02 0.47 0.84 -25.42 62.26 63.51 -1.16 -0.24 0.05
2014-5-25T15:15:52.451 22.79 25.72 315.88 26.11 -0.02 0.47 0.84 -25.33 62.16 63.75 -0.94 -0.29 -0.17
2014-5-25T15:15:53.479 22.72 25.72 315.86 26.11 0.00 0.48 0.83 -25.33 62.16 63.75 -1.09 -0.31 0.02
2014-5-25T15:15:54.488 22.70 25.72 280.14 26.12 -0.02 0.47 0.83 -25.57 62.29 63.54 -1.38 -0.33 -0.02
2014-5-25T15:15:55.496 22.91 25.72 280.15 26.11 -0.02 0.47 0.84 -25.57 62.29 63.54 -1.13 -0.38 -0.07
2014-5-25T15:15:56.503 22.77 25.72 337.31 26.03 -0.02 0.47 0.83 -25.39 62.23 63.39 -1.16 -0.27 -0.05
2014-5-25T15:15:57.513 22.91 25.72 337.30 26.03 -0.02 0.47 0.84 -25.39 62.23 63.39 -1.18 -0.36 -0.09
2014-5-25T15:15:58.529 22.79 25.72 280.15 26.03 -0.02 0.47 0.83 -25.39 62.32 63.54 -1.17 -0.28 -0.01
2014-5-25T15:15:59.537 22.89 25.72 280.14 26.12 -0.02 0.47 0.84 -25.39 62.32 63.54 -1.09 -0.35 -0.31
2014-5-25T15:16:0.546 22.61 25.72 287.28 26.12 -0.02 0.47 0.83 -25.60 62.29 63.66 -1.14 -0.28 -0.05
2014-5-25T15:16:1.554 22.90 25.69 287.32 26.03 -0.03 0.47 0.86 -25.60 62.29 63.66 -1.24 -0.47 -0.11
2014-5-25T15:16:2.562 22.71 25.69 315.90 26.03 0.00 0.48 0.84 -25.57 62.26 63.45 -1.35 -0.35 -0.09
2014-5-25T15:16:3.571 22.71 25.69 315.90 26.03 -0.02 0.47 0.83 -25.57 62.26 63.45 -1.17 -0.24 -0.24
2014-5-25T15:16:4.579 22.83 25.69 315.86 26.03 -0.02 0.47 0.84 -25.51 62.23 63.78 -1.27 -0.45 -0.21
2014-5-25T15:16:5.588 22.85 25.69 287.28 26.03 -0.02 0.47 0.83 -25.51 62.23 63.78 -1.25 -0.14 -0.10
2014-5-25T15:16:6.604 22.74 25.69 287.29 26.03 0.00 0.47 0.84 -25.54 62.19 63.51 -1.05 -0.26 -0.18
2014-5-25T15:16:7.612 22.90 25.69 315.86 26.03 -0.02 0.47 0.83 -25.54 62.19 63.51 -1.18 -0.14 0.02
2014-5-25T15:16:8.621 22.99 25.69 315.86 26.03 -0.02 0.45 0.83 -25.54 62.10 63.29 -1.08 -0.34 -0.17
2014-5-25T15:16:9.629 22.83 25.69 294.43 26.03 -0.02 0.45 0.83 -25.54 62.10 63.29 -1.16 -0.38 -0.14
2014-5-25T15:16:10.637 22.71 25.69 294.41 26.03 -0.02 0.47 0.83 -25.54 62.26 63.57 -1.02 -0.37 0.08
2014-5-25T15:16:11.646 22.92 25.69 280.12 26.03 -0.02 0.47 0.84 -25.54 62.26 63.57 -1.17 -0.37 -0.02
2014-5-25T15:16:12.655 22.99 25.69 280.13 26.03 -0.02 0.47 0.84 -25.57 62.23 63.29 -1.14 -0.40 -0.10
2014-5-25T15:16:13.662 22.83 25.69 294.42 26.12 -0.02 0.47 0.83 -25.57 62.23 63.29 -1.40 -0.34 -0.11
2014-5-25T15:16:14.669 22.88 25.69 294.42 26.03 -0.02 0.47 0.84 -25.39 62.26 63.54 -1.14 -0.23 -0.12
2014-5-25T15:16:15.678 22.88 25.69 323.00 26.03 -0.02 0.47 0.84 -25.39 62.26 63.54 -1.11 -0.38 -0.31
2014-5-25T15:16:16.686 22.78 25.69 322.96 26.03 -0.02 0.47 0.84 -25.57 62.32 63.26 -1.18 -0.30 0.00
2014-5-25T15:16:17.695 22.76 25.69 330.11 26.03 -0.02 0.47 0.83 -25.57 62.32 63.26 -1.22 -0.22 -0.29
2014-5-25T15:16:18.703 22.83 25.69 330.13 26.03 -0.02 0.47 0.84 -25.42 62.38 62.99 -1.16 -0.35 -0.05
2014-5-25T15:16:19.712 22.64 25.69 330.13 26.03 0.00 0.47 0.84 -25.42 62.38 62.99 -1.10 -0.40 -0.17
2014-5-25T15:16:20.721 22.76 25.69 322.99 26.03 -0.02 0.47 0.83 -25.45 62.29 63.45 -1.11 -0.33 -0.15
2014-5-25T15:16:21.728 22.85 25.69 322.99 26.03 -0.02 0.47 0.84 -25.45 62.29 63.45 -1.21 -0.18 0.11
2014-5-25T15:16:22.737 22.92 25.69 294.41 26.03 -0.02 0.47 0.84 -25.48 62.23 63.05 -1.17 -0.29 -0.26
2014-5-25T15:16:23.744 22.71 25.69 294.41 26.03 -0.02 0.47 0.84 -25.48 62.23 63.05 -1.20 -0.17 -0.11
2014-5-25T15:16:24.753 22.76 25.69 308.70 26.03 -0.02 0.47 0.83 -25.63 62.26 63.45 -0.96 -0.33 -0.31
2014-5-25T15:16:25.762 22.97 25.69 308.70 26.03 -0.02 0.47 0.83 -25.63 62.26 63.45 -1.13 -0.24 -0.11
2014-5-25T15:16:26.769 22.68 25.66 337.27 26.03 -0.02 0.47 0.83 -25.48 62.29 63.39 -1.23 -0.29 -0.14
2014-5-25T15:16:27.778 22.82 25.66 337.27 26.03 -0.02 0.47 0.86 -25.48 62.29 63.39 -1.22 -0.42 -0.23
2014-5-25T15:16:28.785 22.70 25.66 315.84 26.03 -0.02 0.45 0.86 -25.45 62.19 63.48 -1.19 -0.27 -0.04
2014-5-25T15:16:29.794 22.98 25.66 315.83 26.03 -0.03 0.45 0.83 -25.45 62.19 63.48 -1.21 -0.50 -0.21
2014-5-25T15:16:30.801 22.84 25.66 294.40 26.03 -0.02 0.47 0.83 -25.60 62.13 63.57 -1.14 -0.47 0.02
2014-5-25T15:16:31.810 22.72 25.66 294.38 26.03 -0.02 0.47 0.84 -25.60 62.13 63.57 -1.29 -0.34 -0.24
2014-5-25T15:16:32.818 22.91 25.66 322.96 26.03 -0.02 0.47 0.83 -25.63 62.13 63.63 -1.28 -0.36 -0.25
2014-5-25T15:16:33.826 22.75 25.66 322.97 26.03 -0.02 0.47 0.84 -25.63 62.13 63.63 -1.30 -0.27 -0.17
2014-5-25T15:16:34.835 22.56 25.66 322.97 26.03 -0.02 0.47 0.84 -25.54 62.29 63.26 -1.13 -0.47 -0.15
2014-5-25T15:16:35.842 22.63 25.66 337.26 26.03 -0.02 0.47 0.84 -25.54 62.29 63.26 -1.45 -0.21 0.20
2014-5-25T15:16:36.851 22.87 25.66 337.26 26.03 -0.02 0.45 0.84 -25.54 62.23 63.57 -1.21 -0.24 -0.21
2014-5-25T15:16:37.860 22.65 25.66 330.11 26.03 -0.02 0.47 0.84 -25.54 62.23 63.57 -1.21 -0.33 -0.12
2014-5-25T15:16:38.868 22.63 25.66 330.11 26.03 -0.02 0.47 0.84 -25.70 62.35 63.57 -1.05 -0.31 -0.12
2014-5-25T15:16:39.877 22.98 25.66 322.96 26.03 -0.02 0.48 0.84 -25.70 62.35 63.57 -1.29 -0.21 -0.13
2014-5-25T15:16:40.886 22.77 25.66 322.97 26.03 -0.02 0.47 0.84 -25.48 62.13 63.69 -1.37 -0.26 -0.12
2014-5-25T15:16:41.894 22.65 25.66 315.83 26.03 -0.02 0.47 0.83 -25.48 62.13 63.69 -1.21 -0.31 0.18
2014-5-25T15:16:42.903 22.77 25.66 315.83 26.03 -0.02 0.47 0.86 -25.42 62.04 63.57 -1.34 -0.38 0.02
2014-5-25T15:16:43.912 22.87 25.66 344.40 26.03 -0.02 0.47 0.84 -25.42 62.04 63.57 -1.14 -0.17 -0.13
2014-5-25T15:16:44.919 22.84 25.66 344.40 26.03 -0.02 0.48 0.83 -25.57 62.32 63.45 -1.17 -0.47 -0.11
2014-5-25T15:16:45.928 22.75 25.66 322.97 26.03 -0.02 0.47 0.84 -25.57 62.32 63.45 -1.21 -0.16 -0.27
2014-5-25T15:16:46.935 22.84 25.66 322.97 26.03 -0.02 0.47 0.84 -25.57 62.23 63.57 -1.24 -0.37 0.03
2014-5-25T15:16:47.944 22.70 25.66 308.68 26.03 -0.02 0.47 0.84 -25.57 62.23 63.57 -1.12 -0.33 -0.31
2014-5-25T15:16:48.951 22.63 25.66 308.68 26.03 -0.02 0.47 0.84 -25.60 62.16 63.32 -1.14 -0.26 -0.08
2014-5-25T15:16:49.960 22.79 25.66 308.68 26.03 -0.02 0.47 0.83 -25.60 62.16 63.32 -1.21 -0.24 -0.16
2014-5-25T15:16:50.967 22.83 25.63 337.25 26.03 0.00 0.48 0.84 -25.57 62.32 63.17 -1.14 -0.39 -0.26
2014-5-25T15:16:51.976 22.71 25.63 337.24 26.03 -0.02 0.47 0.83 -25.57 62.32 63.17 -1.26 -0.25 -0.25
2014-5-25T15:16:52.984 22.60 25.63 337.24 26.03 -0.02 0.47 0.83 -25.57 62.16 63.35 -1.27 -0.50 -0.04
2014-5-25T15:16:53.993 22.95 25.63 337.24 26.03 0.00 0.45 0.84 -25.57 62.16 63.35 -1.21 -0.16 -0.34
2014-5-25T15:16:55.001 22.60 25.63 337.24 26.03 -0.02 0.45 0.84 -25.48 62.23 63.57 -1.16 -0.43 -0.07
2014-5-25T15:16:56.010 22.52 25.63 337.25 26.03 -0.02 0.48 0.83 -25.48 62.23 63.57 -1.27 -0.20 -0.13
2014-5-25T15:16:57.031 22.69 25.63 351.54 26.03 -0.02 0.47 0.84 -25.51 62.23 63.32 -1.06 -0.30 -0.18
2014-5-25T15:16:58.037 22.71 25.63 351.51 26.03 -0.02 0.45 0.84 -25.51 62.23 63.32 -1.19 -0.35 -0.03
2014-5-25T15:16:59.046 22.78 25.63 365.80 25.93 -0.02 0.47 0.83 -25.39 62.29 63.69 -1.27 -0.25 -0.05
2014-5-25T15:17:0.055 22.69 25.63 365.82 25.93 -0.02 0.47 0.83 -25.39 62.29 63.69 -0.98 -0.31 -0.23
2014-5-25T15:17:1.064 22.90 25.63 337.25 26.03 -0.02 0.47 0.86 -25.57 62.29 63.29 -1.23 -0.44 -0.13
2014-5-25T15:17:2.072 22.78 25.63 337.23 25.93 -0.02 0.50 0.84 -25.57 62.29 63.29 -1.33 -0.34 -0.08
2014-5-25T15:17:3.080 22.69 25.63 322.94 26.03 -0.02 0.47 0.84 -25.48 62.32 63.48 -1.27 -0.30 -0.21
2014-5-25T15:17:4.089 22.88 25.63 322.94 26.03 -0.02 0.47 0.83 -25.48 62.32 63.48 -1.23 -0.39 -0.21
2014-5-25T15:17:5.098 22.92 25.63 322.97 26.03 -0.02 0.47 0.84 -25.42 62.04 63.11 -1.14 -0.40 -0.17
2014-5-25T15:17:6.107 22.71 25.63 337.25 25.93 0.00 0.47 0.84 -25.42 62.04 63.11 -1.18 -0.49 -0.08
2014-5-25T15:17:7.115 22.69 25.63 337.23 26.03 -0.02 0.47 0.83 -25.48 62.16 63.29 -1.36 -0.24 0.01
2014-5-25T15:17:8.124 22.81 25.63 337.23 25.93 -0.02 0.47 0.86 -25.48 62.16 63.29 -1.27 -0.50 -0.05
2014-5-25T15:17:9.132 22.62 25.63 337.22 25.93 0.00 0.47 0.84 -25.73 62.26 63.32 -1.37 -0.31 -0.08
2014-5-25T15:17:10.140 22.69 25.63 337.22 25.93 -0.02 0.48 0.84 -25.73 62.26 63.32 -1.24 -0.18 0.17
2014-5-25T15:17:11.151 22.88 25.63 337.23 25.93 -0.02 0.47 0.84 -25.45 62.32 63.20 -1.15 -0.30 -0.11
2014-5-25T15:17:12.158 22.71 25.63 337.23 25.93 -0.02 0.47 0.83 -25.45 62.32 63.20 -1.24 -0.33 -0.13
2014-5-25T15:17:13.167 22.43 25.63 337.23 25.93 -0.02 0.47 0.84 -25.54 62.10 63.45 -1.03 -0.30 -0.20
2014-5-25T15:17:14.175 22.56 25.59 337.23 26.03 0.00 0.47 0.84 -25.54 62.10 63.45 -1.24 -0.43 -0.30
2014-5-25T15:17:15.184 22.74 25.63 337.22 25.93 -0.02 0.47 0.83 -25.60 62.29 63.35 -1.30 -0.34 0.03
2014-5-25T15:17:16.193 22.63 25.59 337.22 25.93 -0.02 0.45 0.84 -25.51 62.19 63.23 -1.08 -0.14 -0.02
2014-5-25T15:17:17.200 22.75 25.59 337.22 25.93 -0.02 0.45 0.84 -25.51 62.19 63.23 -1.08 -0.14 -0.02
2014-5-25T15:17:18.209 22.75 25.59 358.65 25.93 -0.02 0.47 0.84 -25.48 62.13 63.63 -1.21 -0.24 -0.16
2014-5-25T15:17:19.218 22.70 25.59 358.65 25.93 -0.02 0.47 0.84 -25.48 62.13 63.63 -1.08 -0.21 -0.02
2014-5-25T15:17:20.227 22.70 25.59 358.64 25.93 -0.02 0.47 0.83 -25.45 62.23 63.14 -1.08 -0.21 -0.02
2014-5-25T15:17:21.235 22.70 25.59 365.78 25.93 -0.02 0.47 0.84 -25.45 62.23 63.14 -1.09 -0.28 -0.31
2014-5-25T15:17:22.244 22.89 25.59 365.79 25.93 -0.02 0.48 0.83 -25.42 62.26 63.23 -1.17 -0.27 -0.21
2014-5-25T15:17:23.252 22.75 25.59 372.93 25.93 -0.02 0.45 0.84 -25.42 62.26 63.23 -0.93 -0.24 -0.24
2014-5-25T15:17:24.260 22.82 25.59 372.92 25.93 -0.02 0.47 0.84 -25.30 62.16 63.14 -1.10 -0.34 0.07
2014-5-25T15:17:25.269 22.82 25.59 358.64 25.93 -0.02 0.47 0.84 -25.30 62.16 63.14 -1.07 -0.30 -0.27
2014-5-25T15:17:26.277 22.61 25.59 358.64 25.93 -0.02 0.48 0.84 -25.54 62.10 63.23 -1.08 -0.37 -0.13
2014-5-25T15:17:27.286 22.44 25.59 380.07 25.93 -0.02 0.45 0.83 -25.54 62.10 63.23 -1.30 -0.21 -0.04
2014-5-25T15:17:28.294 22.65 25.59 380.06 25.93 0.00 0.47 0.83 -25.57 62.16 63.39 -1.17 -0.40 -0.14
2014-5-25T15:17:29.301 22.68 25.59 380.06 25.93 0.00 0.47 0.83 -25.57 62.16 63.39 -1.32 -0.32 0.02
2014-5-25T15:17:30.309 22.68 25.59 380.07 25.93 -0.02 0.47 0.84 -25.54 62.32 63.39 -1.14 -0.34 -0.10
2014-5-25T15:17:31.316 22.47 25.59 380.07 25.93 -0.02 0.47 0.83 -25.54 62.32 63.39 -1.27 -0.26 -0.09
2014-5-25T15:17:32.324 22.72 25.59 380.07 25.93 -0.02 0.47 0.84 -25.57 62.29 63.35 -1.34 -0.21 -0.06
2014-5-25T15:17:33.331 22.82 25.59 365.78 25.93 0.00 0.47 0.84 -25.57 62.29 63.35 -1.01 -0.39 -0.07
2014-5-25T15:17:34.340 22.72 25.59 365.78 25.93 -0.02 0.47 0.84 -25.63 62.23 63.42 -1.17 -0.34 -0.02
2014-5-25T15:17:35.348 22.87 25.59 365.78 25.93 -0.02 0.47 0.86 -25.63 62.23 63.42 -1.32 -0.22 -0.24
2014-5-25T15:17:36.356 22.84 25.59 372.93 25.93 -0.02 0.47 0.86 -25.42 62.19 63.51 -1.08 -0.49 0.04
2014-5-25T15:17:37.364 22.51 25.59 372.96 25.93 -0.02 0.47 0.83 -25.42 62.19 63.51 -1.14 -0.24 -0.34
2014-5-25T15:17:38.373 22.51 25.59 380.10 25.93 -0.02 0.47 0.84 -25.76 62.26 63.11 -1.16 -0.33 0.20
2014-5-25T15:17:39.382 22.76 25.56 380.05 25.93 -0.02 0.47 0.84 -25.76 62.26 63.11 -1.12 -0.38 -0.18
2014-5-25T15:17:40.390 22.64 25.56 372.90 25.93 -0.02 0.47 0.84 -25.57 62.19 63.35 -1.20 -0.27 -0.08
2014-5-25T15:17:41.397 22.64 25.56 372.93 25.93 0.00 0.48 0.84 -25.57 62.19 63.35 -1.08 -0.30 0.02
2014-5-25T15:17:42.404 22.78 25.56 387.21 25.93 -0.02 0.47 0.83 -25.45 62.32 62.93 -1.05 -0.24 -0.31
2014-5-25T15:17:43.413 22.62 25.56 387.20 25.93 -0.02 0.47 0.83 -25.45 62.32 62.93 -1.31 -0.16 -0.26
2014-5-25T15:17:44.420 22.62 25.56 380.06 25.93 0.00 0.48 0.84 -25.45 62.23 63.23 -1.01 -0.39 -0.14
2014-5-25T15:17:45.426 22.90 25.56 380.04 25.93 -0.02 0.48 0.86 -25.45 62.23 63.23 -1.18 -0.43 -0.34
2014-5-25T15:17:46.434 22.67 25.56 372.90 25.93 -0.02 0.47 0.83 -25.45 62.41 63.20 -1.06 -0.42 0.04
2014-5-25T15:17:47.449 22.53 25.56 372.91 25.93 -0.02 0.47 0.83 -25.45 62.41 63.20 -1.28 -0.26 0.02
2014-5-25T15:17:48.467 22.64 25.56 372.91 25.93 -0.02 0.45 0.84 -25.57 62.19 63.48 -1.30 -0.24 -0.35
2014-5-25T15:17:49.476 22.67 25.56 372.91 25.93 -0.02 0.47 0.84 -25.57 62.19 63.48 -1.14 -0.27 -0.11
2014-5-25T15:17:50.484 22.43 25.56 372.91 25.93 -0.02 0.47 0.84 -25.60 62.19 63.57 -0.96 -0.35 -0.11
2014-5-25T15:17:51.492 22.55 25.56 380.05 25.93 -0.02 0.47 0.83 -25.60 62.19 63.57 -1.21 -0.35 -0.21
2014-5-25T15:17:52.501 22.62 25.56 380.06 25.93 -0.02 0.47 0.84 -25.54 62.19 63.14 -0.95 -0.41 -0.17
2014-5-25T15:17:53.514 22.55 25.56 380.06 25.93 -0.02 0.47 0.84 -25.54 62.19 63.14 -1.37 -0.20 -0.14
2014-5-25T15:17:54.523 22.57 25.56 380.06 25.93 -0.02 0.47 0.83 -25.57 62.35 63.29 -1.17 -0.32 -0.11
2014-5-25T15:17:55.530 22.62 25.56 394.35 25.93 -0.02 0.47 0.84 -25.57 62.35 63.29 -1.24 -0.43 0.05
2014-5-25T15:17:56.539 22.64 25.56 394.32 25.93 -0.02 0.47 0.84 -25.51 62.38 62.96 -1.11 -0.23 -0.18
2014-5-25T15:17:57.546 22.60 25.56 380.03 25.93 -0.02 0.47 0.84 -25.51 62.38 62.96 -1.40 -0.21 0.10
2014-5-25T15:17:58.554 22.67 25.56 380.04 25.93 -0.02 0.47 0.83 -25.48 62.16 63.11 -1.26 -0.55 -0.17
2014-5-25T15:17:59.564 22.76 25.56 401.47 25.93 -0.02 0.47 0.83 -25.48 62.16 63.11 -1.19 -0.35 -0.27
2014-5-25T15:18:0.572 22.64 25.56 401.46 25.93 -0.02 0.47 0.84 -25.57 62.29 63.23 -1.08 -0.16 -0.12
2014-5-25T15:18:1.581 22.60 25.56 408.60 25.93 -0.02 0.48 0.84 -25.57 62.29 63.23 -0.99 -0.30 -0.07
2014-5-25T15:18:2.590 22.69 25.56 408.60 25.93 0.00 0.48 0.84 -25.42 62.13 63.32 -1.24 -0.31 -0.21
2014-5-25T15:18:3.597 22.69 25.56 387.18 25.93 0.00 0.48 0.84 -25.42 62.13 63.32 -1.31 -0.27 -0.13
2014-5-25T15:18:4.606 22.49 25.53 387.18 25.93 -0.02 0.47 0.84 -25.57 62.29 63.51 -1.21 -0.25 0.08
2014-5-25T15:18:5.614 22.70 25.53 387.17 25.93 -0.02 0.47 0.83 -25.57 62.29 63.51 -1.21 -0.33 0.03
2014-5-25T15:18:6.623 22.70 25.53 394.31 25.93 0.00 0.45 0.84 -25.57 62.29 62.93 -1.19 -0.35 -0.20
2014-5-25T15:18:7.632 22.73 25.53 394.31 25.93 -0.02 0.47 0.83 -25.57 62.29 62.93 -1.40 -0.22 -0.10
2014-5-25T15:18:8.639 22.63 25.53 394.31 25.93 -0.02 0.47 0.84 -25.57 62.19 63.26 -1.08 -0.31 -0.19
2014-5-25T15:18:9.648 22.56 25.53 394.32 25.93 -0.02 0.47 0.84 -25.57 62.19 63.26 -1.30 -0.21 -0.31
2014-5-25T15:18:10.656 22.68 25.53 408.60 25.93 -0.02 0.47 0.86 -25.45 62.50 63.17 -1.07 -0.24 -0.10
2014-5-25T15:18:11.664 22.70 25.53 408.64 25.93 -0.02 0.47 0.86 -25.45 62.50 63.17 -1.20 -0.30 -0.05
