# date irTemp ambientTemp pressure humidity acceleration(x y z) magnetometer(x y z) gyroscope(x y z)
2014-5-24T21:26:34.504 2.45 0.00 1382.78 22.52 -0.05 0.34 0.89 0.00 0.00 0.00 2.51 0.86 -1.21
2014-5-24T21:26:35.511 24.24 22.06 1382.80 22.52 -0.05 0.33 0.89 -6.38 21.15 -2.14 2.41 0.72 -1.27
2014-5-24T21:26:36.518 22.61 22.06 1404.43 22.52 -0.05 0.34 0.91 -6.38 21.15 -2.14 2.43 0.98 -1.21
2014-5-24T21:26:37.524 24.03 22.06 1404.41 22.52 -0.05 0.33 0.89 -6.16 21.12 -2.50 2.51 1.11 -1.41
2014-5-24T21:26:38.532 24.10 22.06 1382.78 22.52 -0.05 0.33 0.89 -6.16 21.12 -2.50 2.49 0.98 -1.17
2014-5-24T21:26:39.540 24.17 22.06 1382.76 22.52 -0.05 0.33 0.88 -6.32 21.15 -2.41 2.41 1.03 -1.03
2014-5-24T21:26:40.546 24.17 22.06 1397.18 22.52 -0.05 0.34 0.91 -6.32 21.15 -2.41 2.50 1.06 -1.30
2014-5-24T21:26:41.554 24.21 22.06 1397.18 22.52 -0.05 0.33 0.91 -6.35 21.18 -2.11 2.59 1.05 -1.24
2014-5-24T21:26:42.562 24.19 22.06 1397.18 22.44 -0.05 0.33 0.89 -6.35 21.18 -2.11 2.39 1.08 -1.22
2014-5-24T21:26:43.570 24.26 22.06 1397.18 22.52 -0.05 0.31 0.89 -6.41 21.03 -1.95 2.33 0.89 -1.14
2014-5-24T21:26:44.577 24.24 22.06 1397.18 22.52 -0.05 0.33 0.89 -6.41 21.03 -1.95 2.56 1.01 -1.21
2014-5-24T21:26:45.585 24.19 22.06 1382.76 22.44 -0.05 0.33 0.91 -6.32 21.03 -2.08 2.43 0.90 -1.24
2014-5-24T21:26:46.592 24.33 22.06 1382.79 22.52 -0.06 0.31 0.89 -6.32 21.03 -2.08 2.52 0.79 -1.24
2014-5-24T21:26:47.599 24.31 22.06 1397.21 22.52 -0.06 0.31 0.91 -6.47 20.97 -1.34 2.40 0.88 -1.17
2014-5-24T21:26:48.608 24.28 22.06 1397.11 22.44 -0.05 0.33 0.89 -6.47 20.97 -1.34 2.45 0.97 -1.17
2014-5-24T21:26:49.617 24.33 22.06 1397.11 22.44 -0.05 0.33 0.91 -6.41 21.18 -1.53 2.59 0.84 -1.31
2014-5-24T21:26:50.625 24.38 22.06 1397.17 22.44 -0.05 0.31 0.89 -6.41 21.18 -1.53 2.82 0.78 -1.23
2014-5-24T21:26:51.633 24.52 22.06 1397.17 22.44 -0.05 0.34 0.91 -6.20 21.03 -1.86 2.62 0.84 -1.25
2014-5-24T21:26:52.640 24.42 22.06 1397.17 22.52 -0.06 0.33 0.91 -6.20 21.03 -1.86 2.53 0.89 -1.31
2014-5-24T21:26:53.656 24.31 22.06 1375.54 22.44 -0.05 0.33 0.89 -6.29 21.15 -1.83 2.49 0.97 -1.25
2014-5-24T21:26:54.664 24.31 22.06 1375.53 22.44 -0.05 0.33 0.91 -6.29 21.15 -1.83 2.46 1.01 -1.23
2014-5-24T21:26:55.671 24.26 22.06 1397.15 22.44 -0.05 0.31 0.89 -6.32 21.06 -2.23 2.47 0.90 -1.30
2014-5-24T21:26:56.677 24.24 22.06 1397.11 22.44 -0.05 0.34 0.89 -6.32 21.06 -2.23 2.62 0.89 -1.26
2014-5-24T21:26:57.685 24.24 22.06 1404.32 22.44 -0.05 0.34 0.89 -6.29 20.87 -1.95 2.51 0.77 -1.31
2014-5-24T21:26:58.694 24.21 22.06 1404.37 22.44 -0.05 0.34 0.89 -6.29 20.87 -1.95 2.52 0.98 -1.20
2014-5-24T21:26:59.702 24.24 22.06 1382.74 22.44 -0.06 0.34 0.89 -6.26 21.09 -1.80 2.48 0.95 -1.13
2014-5-24T21:27:0.710 24.24 22.06 1382.74 22.44 -0.06 0.34 0.89 -6.26 21.09 -1.80 2.53 0.82 -1.08
2014-5-24T21:27:1.717 24.24 22.06 1382.73 22.44 -0.05 0.34 0.91 -6.41 21.09 -2.04 2.75 0.79 -1.15
2014-5-24T21:27:2.725 24.24 22.06 1389.94 22.44 -0.06 0.33 0.91 -6.47 21.06 -1.28 2.55 0.94 -1.37
2014-5-24T21:27:3.732 24.19 22.06 1389.94 22.44 -0.06 0.33 0.91 -6.47 21.06 -1.28 2.27 0.95 -1.21
2014-5-24T21:27:4.740 24.21 22.06 1382.73 22.44 -0.05 0.33 0.89 -6.47 21.09 -1.89 2.56 0.89 -1.33
2014-5-24T21:27:5.747 24.24 22.06 1382.74 22.44 -0.03 0.33 0.89 -6.47 21.09 -1.89 2.69 0.95 -1.25
2014-5-24T21:27:6.755 24.26 22.06 1404.36 22.44 -0.05 0.34 0.91 -6.44 21.03 -1.89 2.42 0.83 -1.08
2014-5-24T21:27:7.763 24.21 22.06 1404.33 22.44 -0.05 0.34 0.92 -6.44 21.03 -1.89 2.34 0.84 -1.06
2014-5-24T21:27:8.772 24.26 22.06 1404.33 22.44 -0.05 0.31 0.89 -6.32 21.09 -1.65 2.56 0.85 -1.34
2014-5-24T21:27:9.780 24.19 22.06 1404.33 22.44 -0.06 0.33 0.91 -6.32 21.09 -1.65 2.52 0.72 -1.37
2014-5-24T21:27:10.787 24.28 22.06 1389.91 22.44 -0.05 0.33 0.89 -6.38 21.03 -1.59 2.49 0.93 -1.17
2014-5-24T21:27:11.795 24.24 22.06 1389.97 22.44 -0.05 0.34 0.89 -6.38 21.03 -1.59 2.47 0.97 -1.16
2014-5-24T21:27:12.802 24.19 22.06 1397.18 22.44 -0.06 0.34 0.91 -6.44 21.12 -1.74 2.63 0.76 -1.34
2014-5-24T21:27:13.810 24.28 22.06 1397.16 22.44 -0.05 0.30 0.89 -6.44 21.12 -1.74 2.51 0.89 -1.27
2014-5-24T21:27:14.818 24.28 22.06 1382.74 22.44 -0.05 0.34 0.91 -6.53 21.00 -2.20 2.64 0.90 -1.27
2014-5-24T21:27:15.825 24.26 22.06 1382.74 22.44 -0.06 0.33 0.89 -6.53 21.00 -2.20 2.50 0.79 -1.34
2014-5-24T21:27:16.833 24.24 22.06 1382.74 22.44 -0.06 0.34 0.89 -6.23 20.94 -2.08 2.37 0.89 -1.31
2014-5-24T21:27:17.840 24.24 22.06 1397.16 22.44 -0.05 0.34 0.89 -6.23 20.94 -2.08 2.62 0.95 -1.17
2014-5-24T21:27:18.848 24.28 22.06 1397.21 22.44 -0.05 0.34 0.91 -6.47 21.12 -2.04 2.44 0.88 -1.29
2014-5-24T21:27:19.856 24.26 22.06 1411.63 22.44 -0.05 0.34 0.89 -6.47 21.12 -2.04 2.73 1.04 -1.30
2014-5-24T21:27:20.863 24.28 22.06 1411.56 22.44 -0.05 0.34 0.91 -6.47 21.21 -2.17 2.63 0.87 -1.21
2014-5-24T21:27:21.870 24.21 22.06 1389.93 22.44 -0.05 0.33 0.89 -6.47 21.21 -2.17 2.52 1.14 -1.21
2014-5-24T21:27:22.878 24.24 22.06 1389.92 22.44 -0.05 0.31 0.89 -6.41 21.06 -2.75 2.56 0.89 -1.27
2014-5-24T21:27:23.886 24.26 22.06 1404.34 22.44 -0.06 0.33 0.89 -6.41 21.06 -2.75 2.64 0.81 -1.37
2014-5-24T21:27:24.894 24.26 22.06 1404.30 22.44 -0.05 0.34 0.89 -6.47 21.12 -1.92 2.35 0.98 -1.17
2014-5-24T21:27:25.901 24.26 22.06 1397.09 22.44 -0.05 0.33 0.89 -6.47 21.12 -1.92 2.49 0.92 -1.12
2014-5-24T21:27:26.908 24.24 22.06 1397.20 22.44 -0.05 0.33 0.91 -6.35 21.33 -1.89 2.42 0.98 -1.12
2014-5-24T21:27:27.916 24.24 22.06 1411.62 22.44 -0.06 0.31 0.91 -6.35 21.33 -1.89 2.57 0.97 -1.35
2014-5-24T21:27:28.924 24.31 22.06 1411.56 22.44 -0.06 0.34 0.89 -6.44 21.18 -1.77 2.56 1.02 -1.18
2014-5-24T21:27:29.930 24.21 22.06 1411.56 22.44 -0.06 0.31 0.89 -6.44 21.18 -1.77 2.56 1.05 -1.12
2014-5-24T21:27:30.938 24.33 22.06 1404.35 22.44 -0.05 0.34 0.91 -6.65 21.15 -2.14 2.70 0.88 -1.37
2014-5-24T21:27:31.945 24.26 22.06 1404.38 22.44 -0.06 0.34 0.91 -6.65 21.15 -2.14 2.66 0.84 -1.11
2014-5-24T21:27:32.952 24.28 22.06 1404.38 22.44 -0.06 0.30 0.91 -6.41 21.12 -1.86 2.54 0.79 -1.43
2014-5-24T21:27:33.960 24.31 22.06 1404.38 22.44 -0.05 0.33 0.91 -6.41 21.12 -1.86 2.46 0.89 -1.30
2014-5-24T21:27:34.967 24.26 22.06 1404.38 22.44 -0.05 0.33 0.91 -6.32 21.21 -1.98 2.37 0.82 -1.23
2014-5-24T21:27:35.975 24.28 22.06 1404.33 22.44 -0.05 0.34 0.89 -6.32 21.21 -1.98 2.59 0.83 -1.18
2014-5-24T21:27:36.982 24.31 22.06 1404.33 22.44 -0.06 0.33 0.91 -6.44 21.12 -1.95 2.57 0.87 -1.09
2014-5-24T21:27:37.991 24.24 22.06 1404.32 22.44 -0.05 0.34 0.89 -6.44 21.12 -1.95 2.54 0.92 -1.33
2014-5-24T21:27:38.999 24.28 22.06 1404.32 22.44 -0.05 0.34 0.91 -6.35 21.15 -2.59 2.55 0.93 -1.22
2014-5-24T21:27:40.006 24.24 22.06 1404.35 22.44 -0.05 0.31 0.89 -6.35 21.15 -2.59 2.62 0.99 -1.37
2014-5-24T21:27:41.014 24.26 22.06 1411.56 22.44 -0.05 0.31 0.91 -6.50 21.24 -2.23 2.38 1.01 -1.16
2014-5-24T21:27:42.021 24.26 22.06 1411.54 22.44 -0.03 0.34 0.91 -6.50 21.24 -2.23 2.52 0.93 -1.21
2014-5-24T21:27:43.029 24.24 22.06 1397.12 22.44 -0.03 0.34 0.91 -6.23 21.12 -2.20 2.48 0.80 -1.29
2014-5-24T21:27:44.036 24.26 22.06 1397.12 22.44 -0.05 0.34 0.89 -6.23 21.12 -2.20 2.62 0.79 -1.16
2014-5-24T21:27:45.043 24.19 22.06 1397.15 22.44 -0.06 0.33 0.91 -6.44 21.12 -1.77 2.59 0.67 -1.27
2014-5-24T21:27:46.049 24.19 22.06 1418.77 22.44 -0.06 0.31 0.89 -6.44 21.12 -1.77 2.51 0.89 -1.30
2014-5-24T21:27:47.056 24.19 22.06 1418.73 22.44 -0.06 0.33 0.91 -6.38 21.00 -1.98 2.53 1.01 -1.24
2014-5-24T21:27:48.064 24.28 22.06 1411.52 22.44 -0.05 0.33 0.89 -6.38 21.00 -1.98 2.37 0.69 -1.24
2014-5-24T21:27:49.070 24.19 22.06 1411.53 22.44 -0.06 0.33 0.91 -6.35 21.15 -1.68 2.62 0.98 -1.24
2014-5-24T21:27:50.078 24.21 22.06 1397.11 22.44 -0.06 0.33 0.91 -6.35 21.15 -1.68 2.47 0.92 -1.32
2014-5-24T21:27:51.085 24.24 22.06 1397.17 22.44 -0.05 0.33 0.89 -6.32 21.39 -1.83 2.70 0.85 -1.14
2014-5-24T21:27:52.092 24.19 22.06 1411.59 22.44 -0.05 0.34 0.89 -6.32 21.39 -1.83 2.32 0.92 -1.11
2014-5-24T21:27:53.099 24.26 22.06 1411.52 22.44 -0.06 0.31 0.89 -6.32 21.27 -1.65 2.49 0.92 -1.03
2014-5-24T21:27:54.106 24.24 22.06 1411.52 22.44 -0.05 0.33 0.89 -6.32 21.27 -1.65 2.67 1.02 -1.21
2014-5-24T21:27:55.114 24.28 22.06 1411.55 22.44 -0.03 0.34 0.91 -6.35 21.18 -2.20 2.46 1.12 -1.29
2014-5-24T21:27:56.121 24.26 22.06 1404.34 22.44 -0.06 0.33 0.91 -6.35 21.18 -2.20 2.49 0.96 -1.30
2014-5-24T21:27:57.134 24.28 22.06 1404.39 22.44 -0.05 0.31 0.89 -6.20 21.30 -1.77 2.57 1.01 -1.07
2014-5-24T21:27:58.141 24.33 22.06 1411.60 22.44 -0.05 0.34 0.89 -6.20 21.30 -1.77 2.42 0.95 -1.22
2014-5-24T21:27:59.148 24.35 22.06 1411.60 22.44 -0.05 0.33 0.89 -6.35 21.27 -1.28 2.54 0.94 -1.34
2014-5-24T21:28:0.156 24.28 22.06 1411.51 22.44 -0.05 0.34 0.89 -6.35 21.27 -1.28 2.56 0.89 -1.26
2014-5-24T21:28:1.163 24.31 22.06 1411.51 22.44 -0.05 0.33 0.91 -6.44 21.12 -1.68 2.53 0.90 -1.16
2014-5-24T21:28:2.171 24.21 22.06 1411.51 22.44 -0.05 0.33 0.91 -6.44 21.12 -1.68 2.53 1.14 -1.21
2014-5-24T21:28:3.182 24.28 22.06 1404.30 22.44 -0.05 0.34 0.89 -6.50 21.15 -1.77 2.49 0.98 -1.37
2014-5-24T21:28:4.188 24.28 22.06 1404.34 22.44 -0.05 0.34 0.91 -6.50 21.15 -1.77 2.68 0.80 -1.13
2014-5-24T21:28:5.196 24.28 22.06 1433.17 22.44 -0.05 0.33 0.89 -6.32 21.15 -2.26 2.56 1.08 -1.31
2014-5-24T21:28:6.203 24.33 22.06 1433.15 22.44 -0.06 0.33 0.89 -6.32 21.15 -2.26 2.41 0.95 -1.31
2014-5-24T21:28:7.211 24.24 22.06 1389.90 22.44 -0.05 0.34 0.89 -6.29 21.03 -1.89 2.33 0.82 -1.24
2014-5-24T21:28:8.218 24.28 22.06 1389.89 22.44 -0.05 0.34 0.89 -6.29 21.03 -1.89 2.46 0.82 -1.23
2014-5-24T21:28:9.225 24.31 22.06 1397.10 22.44 -0.06 0.31 0.89 -6.59 21.06 -2.11 2.47 0.88 -1.30
2014-5-24T21:28:10.232 24.26 22.06 1397.06 22.44 -0.05 0.33 0.91 -6.59 21.06 -2.11 2.46 0.83 -1.14
2014-5-24T21:28:11.241 24.24 22.06 1411.48 22.44 -0.05 0.33 0.89 -6.23 20.97 -1.65 2.57 0.78 -1.20
2014-5-24T21:28:12.249 24.28 22.06 1411.56 22.44 -0.06 0.33 0.89 -6.23 20.97 -1.65 2.68 1.06 -1.29
2014-5-24T21:28:13.257 24.33 22.06 1404.35 22.44 -0.05 0.34 0.91 -6.47 20.94 -1.77 2.53 0.95 -1.24
2014-5-24T21:28:14.265 24.28 22.06 1404.35 22.44 -0.05 0.34 0.89 -6.47 20.94 -1.77 2.52 0.98 -1.14
2014-5-24T21:28:15.273 24.31 22.06 1404.31 22.44 -0.06 0.33 0.91 -6.59 20.97 -1.89 2.71 0.96 -1.34
2014-5-24T21:28:16.281 24.26 22.06 1411.52 22.44 -0.05 0.34 0.89 -6.59 20.97 -1.89 2.69 0.89 -1.29
2014-5-24T21:28:17.289 24.34 22.03 1411.51 22.44 -0.05 0.33 0.91 -6.53 21.21 -2.20 2.43 0.95 -1.27
2014-5-24T21:28:18.296 24.25 22.03 1397.09 22.44 -0.05 0.33 0.91 -6.53 21.21 -2.20 2.51 1.07 -1.34
2014-5-24T21:28:19.304 24.25 22.03 1397.08 22.44 -0.05 0.31 0.89 -6.41 21.03 -1.62 2.58 0.79 -1.38
2014-5-24T21:28:20.312 24.25 22.03 1397.08 22.44 -0.05 0.33 0.91 -6.41 21.03 -1.62 2.56 0.83 -1.16
2014-5-24T21:28:21.320 24.23 22.03 1397.08 22.44 -0.05 0.34 0.89 -6.56 21.18 -2.08 2.49 0.86 -1.16
2014-5-24T21:28:22.328 24.20 22.03 1433.12 22.44 -0.05 0.34 0.89 -6.56 21.18 -2.08 2.54 0.79 -1.17
2014-5-24T21:28:23.336 24.23 22.03 1433.11 22.44 -0.05 0.34 0.89 -6.62 20.97 -1.92 2.49 0.98 -1.07
2014-5-24T21:28:24.344 24.25 22.03 1411.48 22.44 -0.05 0.34 0.89 -6.62 20.97 -1.92 2.54 0.75 -1.24
2014-5-24T21:28:25.350 24.27 22.03 1411.51 22.44 -0.05 0.34 0.89 -6.56 21.03 -2.47 2.61 0.89 -1.32
2014-5-24T21:28:26.357 24.25 22.03 1440.34 22.44 -0.05 0.31 0.89 -6.56 21.03 -2.47 2.54 0.92 -1.11
2014-5-24T21:28:27.364 24.23 22.03 1440.32 22.44 -0.06 0.34 0.89 -6.32 20.94 -1.71 2.54 0.92 -1.11
2014-5-24T21:28:28.372 24.27 22.03 1418.69 22.44 -0.06 0.34 0.89 -6.32 20.94 -1.71 2.55 0.93 -1.28
2014-5-24T21:28:29.379 24.18 22.03 1418.65 22.44 -0.05 0.33 0.92 -6.44 21.06 -2.23 2.62 0.85 -1.41
2014-5-24T21:28:30.386 24.20 22.03 1418.65 22.44 -0.05 0.33 0.89 -6.44 21.06 -2.23 2.46 0.78 -1.18
2014-5-24T21:28:31.394 24.25 22.03 1440.27 22.44 -0.06 0.33 0.91 -6.56 21.06 -2.04 2.46 0.78 -1.18
2014-5-24T21:28:32.400 24.16 22.03 1440.33 22.44 -0.05 0.30 0.89 -6.56 21.06 -2.04 2.60 0.97 -1.14
2014-5-24T21:28:33.408 24.18 22.03 1411.49 22.44 -0.05 0.33 0.89 -6.56 20.87 -1.92 2.59 1.05 -1.39
2014-5-24T21:28:34.416 24.18 22.03 1411.46 22.44 -0.05 0.33 0.91 -6.56 20.87 -1.92 2.46 0.92 -1.12
2014-5-24T21:28:35.423 24.20 22.03 1411.46 22.44 -0.06 0.31 0.89 -6.47 20.90 -1.95 2.53 0.89 -1.18
2014-5-24T21:28:36.431 24.20 22.03 1411.47 22.44 -0.05 0.33 0.91 -6.47 20.90 -1.95 2.47 0.96 -1.27
2014-5-24T21:28:37.439 24.20 22.03 1433.10 22.44 -0.05 0.33 0.89 -6.35 21.09 -1.92 2.85 1.01 -1.17
2014-5-24T21:28:38.447 24.18 22.03 1433.11 22.44 -0.05 0.34 0.91 -6.35 21.09 -1.92 2.43 0.97 -1.21
2014-5-24T21:28:39.454 24.18 22.03 1433.11 22.44 -0.05 0.33 0.91 -6.53 21.09 -1.65 2.40 0.95 -1.26
2014-5-24T21:28:40.462 24.23 22.03 1433.13 22.44 -0.05 0.31 0.91 -6.53 21.09 -1.65 2.64 1.01 -1.04
2014-5-24T21:28:41.469 24.20 22.03 1433.13 22.44 -0.06 0.33 0.91 -6.32 21.12 -1.95 2.53 0.86 -1.19
2014-5-24T21:28:42.476 24.23 22.03 1433.12 22.44 -0.06 0.33 0.89 -6.32 21.12 -1.95 2.59 0.83 -1.15
2014-5-24T21:28:43.484 24.25 22.03 1411.50 22.44 -0.05 0.34 0.91 -6.38 21.09 -2.14 2.70 1.11 -1.24
2014-5-24T21:28:44.491 24.23 22.03 1411.50 22.44 -0.05 0.33 0.89 -6.38 21.09 -2.14 2.59 0.92 -1.31
2014-5-24T21:28:45.499 24.16 22.03 1411.48 22.44 -0.05 0.34 0.91 -6.56 21.18 -2.29 2.49 0.92 -1.11
2014-5-24T21:28:46.506 24.20 22.03 1404.27 22.44 -0.06 0.33 0.89 -6.56 21.18 -2.29 2.40 0.89 -1.15
2014-5-24T21:28:47.514 24.25 22.03 1404.23 22.44 -0.06 0.31 0.89 -6.44 21.15 -1.68 2.60 0.86 -1.13
2014-5-24T21:28:48.521 24.20 22.03 1404.23 22.44 -0.05 0.31 0.89 -6.44 21.15 -1.68 2.59 0.92 -1.20
2014-5-24T21:28:49.528 24.27 22.03 1404.35 22.44 -0.06 0.33 0.91 -6.26 21.12 -1.95 2.64 0.79 -1.25
2014-5-24T21:28:50.536 24.23 22.03 1440.39 22.44 -0.06 0.33 0.91 -6.26 21.12 -1.95 2.50 0.96 -1.19
2014-5-24T21:28:51.544 24.27 22.03 1440.32 22.44 -0.05 0.33 0.91 -6.41 21.03 -1.95 2.46 0.90 -1.19
2014-5-24T21:28:52.551 24.23 22.03 1425.90 22.44 -0.05 0.33 0.91 -6.41 21.03 -1.95 2.51 1.08 -1.29
2014-5-24T21:28:53.558 24.20 22.03 1425.93 22.44 -0.06 0.36 0.89 -6.53 20.94 -1.92 2.47 0.92 -1.14
2014-5-24T21:28:54.566 24.23 22.03 1433.14 22.44 -0.06 0.34 0.89 -6.53 20.94 -1.92 2.53 0.97 -1.20
2014-5-24T21:28:55.574 24.25 22.03 1433.16 22.44 -0.06 0.31 0.91 -6.41 21.12 -1.71 2.49 0.89 -1.16
2014-5-24T21:28:56.581 24.27 22.03 1447.58 22.44 -0.05 0.33 0.91 -6.41 21.12 -1.71 2.54 0.83 -1.24
2014-5-24T21:28:57.589 24.23 22.03 1447.54 22.44 -0.05 0.34 0.89 -6.56 20.97 -1.92 2.62 1.05 -1.39
2014-5-24T21:28:58.597 24.25 22.03 1447.54 22.44 -0.05 0.34 0.88 -6.56 20.97 -1.92 2.66 0.62 -1.26
2014-5-24T21:28:59.605 24.25 22.03 1440.33 22.44 -0.05 0.33 0.89 -6.53 20.97 -2.35 2.54 0.89 -1.23
2014-5-24T21:29:0.611 24.18 22.03 1440.35 22.44 -0.05 0.33 0.89 -6.53 20.97 -2.35 2.54 1.03 -1.33
2014-5-24T21:29:1.619 24.25 22.03 1440.35 22.44 -0.05 0.34 0.89 -6.56 21.00 -1.86 2.56 0.95 -1.13
2014-5-24T21:29:2.632 24.27 22.03 1440.35 22.44 -0.05 0.33 0.89 -6.56 21.00 -1.86 2.63 0.79 -1.32
2014-5-24T21:29:3.648 24.30 22.03 1440.35 22.44 -0.05 0.34 0.89 -6.38 21.12 -2.26 2.38 0.72 -1.25
2014-5-24T21:29:4.655 24.23 22.03 1440.33 22.44 -0.05 0.33 0.92 -6.38 21.12 -2.26 2.43 0.84 -1.23
2014-5-24T21:29:5.663 24.27 22.03 1433.12 22.44 -0.05 0.33 0.89 -6.59 20.87 -2.26 2.56 0.89 -1.08
2014-5-24T21:29:6.671 24.27 22.03 1433.15 22.44 -0.06 0.34 0.91 -6.59 20.87 -2.26 2.59 0.89 -1.23
2014-5-24T21:29:7.679 24.32 22.03 1397.11 22.44 -0.05 0.33 0.91 -6.41 21.00 -1.92 2.57 0.89 -1.12
2014-5-24T21:29:8.693 24.25 22.03 1397.08 22.44 -0.06 0.33 0.89 -6.41 21.00 -1.92 2.46 1.02 -1.24
2014-5-24T21:29:9.701 24.20 22.03 1397.08 22.44 -0.05 0.33 0.89 -6.41 21.18 -2.20 2.46 0.92 -1.27
2014-5-24T21:29:10.708 24.27 22.03 1397.09 22.44 -0.05 0.34 0.89 -6.41 21.18 -2.20 2.46 0.93 -1.14
2014-5-24T21:29:11.716 24.23 22.03 1404.30 22.44 -0.05 0.33 0.89 -6.50 21.00 -2.41 2.49 0.89 -1.34
2014-5-24T21:29:12.724 24.30 22.03 1404.27 22.44 -0.05 0.33 0.89 -6.50 21.00 -2.41 2.63 0.98 -1.17
2014-5-24T21:29:13.731 24.25 22.03 1404.27 22.44 -0.05 0.33 0.91 -6.47 21.09 -1.50 2.66 0.92 -1.21
2014-5-24T21:29:14.739 24.25 22.03 1411.48 22.44 -0.05 0.34 0.89 -6.59 21.06 -2.08 2.66 1.01 -1.40
2014-5-24T21:29:15.746 24.25 22.03 1411.48 22.44 -0.05 0.33 0.91 -6.59 21.06 -2.08 2.66 0.88 -1.20
2014-5-24T21:29:16.760 24.27 22.03 1433.11 22.44 -0.05 0.33 0.91 -6.59 21.06 -2.08 2.49 0.81 -1.13
2014-5-24T21:29:17.766 24.23 22.03 1433.13 22.44 -0.05 0.33 0.91 -6.59 21.18 -2.14 2.35 1.04 -1.30
2014-5-24T21:29:18.773 24.18 22.03 1433.13 22.44 -0.05 0.34 0.89 -6.41 21.09 -1.86 2.54 1.02 -1.39
2014-5-24T21:29:19.780 24.20 22.03 1433.14 22.44 -0.05 0.33 0.91 -6.41 21.09 -1.86 2.63 1.00 -1.17
2014-5-24T21:29:20.788 24.18 22.03 1447.56 22.44 -0.06 0.34 0.89 -6.47 21.24 -2.20 2.69 0.95 -1.13
2014-5-24T21:29:21.796 24.25 22.03 1447.49 22.44 -0.05 0.33 0.89 -6.47 21.24 -2.20 2.53 0.86 -1.40
2014-5-24T21:29:22.803 24.16 22.03 1425.87 22.44 -0.05 0.34 0.91 -6.68 20.97 -2.04 2.49 1.00 -1.10
2014-5-24T21:29:23.810 24.25 22.03 1425.88 22.44 -0.05 0.34 0.89 -6.68 20.97 -2.04 2.49 0.92 -1.17
2014-5-24T21:29:24.818 24.18 22.03 1433.09 22.44 -0.05 0.34 0.91 -6.41 21.00 -1.89 2.58 0.77 -1.22
2014-5-24T21:29:25.826 24.18 22.03 1433.12 22.44 -0.05 0.33 0.89 -6.41 21.00 -1.89 2.70 0.87 -1.09
2014-5-24T21:29:26.834 24.16 22.03 1440.33 22.44 -0.05 0.33 0.91 -6.41 21.18 -1.98 2.52 0.85 -1.21
2014-5-24T21:29:27.840 24.20 22.03 1440.33 22.44 -0.05 0.33 0.89 -6.41 21.18 -1.98 2.61 0.95 -1.17
2014-5-24T21:29:28.848 24.20 22.03 1440.33 22.44 -0.05 0.33 0.91 -6.44 21.03 -2.35 2.49 0.97 -1.14
2014-5-24T21:29:29.856 24.23 22.03 1433.12 22.44 -0.06 0.34 0.89 -6.44 21.03 -2.35 2.71 0.82 -1.30
2014-5-24T21:29:30.864 24.25 22.03 1433.12 22.44 -0.06 0.33 0.91 -6.56 21.03 -1.77 2.61 0.97 -1.18
2014-5-24T21:29:31.871 24.23 22.03 1411.50 22.44 -0.05 0.34 0.91 -6.56 21.03 -1.77 2.53 0.89 -1.13
2014-5-24T21:29:32.879 24.20 22.03 1411.48 22.44 -0.06 0.31 0.91 -6.32 20.90 -1.92 2.42 0.98 -1.47
2014-5-24T21:29:33.887 24.18 22.03 1411.48 22.44 -0.05 0.33 0.91 -6.32 20.90 -1.92 2.44 0.89 -1.26
2014-5-24T21:29:34.894 24.27 22.03 1411.45 22.44 -0.05 0.33 0.89 -6.50 21.06 -1.98 2.51 0.75 -1.22
2014-5-24T21:29:35.902 24.23 22.03 1440.28 22.44 -0.03 0.31 0.91 -6.50 21.06 -1.98 2.66 0.95 -1.26
2014-5-24T21:29:36.909 24.27 22.03 1440.30 22.44 -0.06 0.31 0.91 -6.59 21.15 -2.14 2.51 0.80 -1.19
2014-5-24T21:29:37.918 24.37 22.03 1447.51 22.44 -0.05 0.36 0.89 -6.59 21.15 -2.14 2.45 0.92 -1.30
2014-5-24T21:29:38.925 24.34 22.03 1447.56 22.44 -0.05 0.33 0.89 -6.38 20.90 -2.01 2.41 1.01 -1.28
2014-5-24T21:29:39.933 24.30 22.03 1433.14 22.44 -0.05 0.33 0.88 -6.38 20.90 -2.01 2.54 0.82 -1.24
2014-5-24T21:29:40.940 24.37 22.03 1433.15 22.44 -0.06 0.33 0.89 -6.59 21.24 -2.11 2.75 1.08 -1.08
2014-5-24T21:29:41.947 24.37 22.03 1425.94 22.44 -0.06 0.34 0.91 -6.59 21.24 -2.11 2.53 0.90 -1.32
2014-5-24T21:29:42.954 24.27 22.03 1425.95 22.44 -0.05 0.34 0.89 -6.56 21.09 -1.80 2.54 0.91 -1.23
2014-5-24T21:29:43.962 24.25 22.03 1425.95 22.44 -0.05 0.33 0.91 -6.56 21.09 -1.80 2.39 0.98 -1.27
2014-5-24T21:29:44.970 24.20 22.03 1440.37 22.44 -0.06 0.33 0.91 -6.44 21.09 -1.83 2.46 0.82 -1.11
2014-5-24T21:29:45.978 24.18 22.03 1440.27 22.44 -0.06 0.34 0.89 -6.44 21.09 -1.83 2.60 0.51 -1.27
2014-5-24T21:29:46.985 24.20 22.03 1447.48 22.44 -0.06 0.33 0.89 -6.35 21.12 -1.89 2.56 1.04 -1.11
2014-5-24T21:29:47.993 24.25 22.03 1447.49 22.44 -0.05 0.34 0.89 -6.35 21.12 -1.89 2.72 0.89 -1.18
2014-5-24T21:29:49.000 24.23 22.03 1440.28 22.44 -0.06 0.31 0.89 -6.41 21.18 -2.23 2.60 0.91 -1.46
2014-5-24T21:29:50.009 24.20 22.03 1440.33 22.44 -0.05 0.33 0.89 -6.41 21.18 -2.23 2.48 1.05 -1.35
2014-5-24T21:29:51.016 24.20 22.03 1447.54 22.44 -0.05 0.33 0.91 -6.50 21.09 -2.38 2.55 0.82 -1.32
2014-5-24T21:29:52.024 24.23 22.03 1447.53 22.44 -0.05 0.33 0.91 -6.50 21.09 -2.38 2.39 0.83 -1.17
2014-5-24T21:29:53.031 24.23 22.03 1425.90 22.44 -0.05 0.33 0.89 -6.41 21.18 -1.80 2.62 0.82 -1.40
2014-5-24T21:29:54.038 24.27 22.03 1425.85 22.44 -0.08 0.31 0.91 -6.41 21.18 -1.80 2.59 0.86 -1.17
2014-5-24T21:29:55.046 24.20 22.03 1447.48 22.44 -0.05 0.36 0.91 -6.53 21.09 -2.41 2.51 0.92 -1.30
2014-5-24T21:29:56.054 24.25 22.03 1447.54 22.44 -0.05 0.31 0.89 -6.53 21.09 -2.41 2.59 0.82 -1.30
2014-5-24T21:29:57.062 24.20 22.03 1425.92 22.44 -0.06 0.31 0.89 -6.44 21.12 -2.04 2.76 1.04 -1.20
2014-5-24T21:29:58.070 24.23 22.03 1425.90 22.44 -0.05 0.34 0.89 -6.44 21.12 -2.04 2.59 0.98 -1.23
2014-5-24T21:29:59.078 24.27 22.03 1425.90 22.44 -0.05 0.31 0.89 -6.44 21.00 -2.08 2.47 1.00 -1.29
2014-5-24T21:30:0.086 24.18 22.03 1454.73 22.44 -0.05 0.34 0.91 -6.44 21.00 -2.08 2.71 1.02 -1.03
2014-5-24T21:30:1.093 24.27 22.03 1454.72 22.44 -0.05 0.36 0.91 -6.41 21.00 -1.98 2.46 0.86 -1.27
2014-5-24T21:30:2.101 24.23 22.03 1433.09 22.44 -0.05 0.33 0.89 -6.41 21.00 -1.98 2.46 0.98 -1.12
2014-5-24T21:30:3.109 24.25 22.03 1433.04 22.44 -0.05 0.34 0.89 -6.50 21.15 -1.83 2.49 1.11 -1.32
2014-5-24T21:30:4.117 24.18 22.03 1433.04 22.44 -0.05 0.34 0.91 -6.50 21.15 -1.83 2.56 0.94 -1.30
2014-5-24T21:30:5.125 24.20 22.03 1433.12 22.44 -0.05 0.33 0.91 -6.53 21.18 -2.01 2.49 0.89 -1.20
2014-5-24T21:30:6.133 24.18 22.03 1425.92 22.44 -0.05 0.31 0.91 -6.53 21.18 -2.01 2.52 0.82 -1.21
2014-5-24T21:30:7.140 24.20 22.03 1425.87 22.44 -0.05 0.34 0.91 -6.56 21.03 -1.95 2.78 1.05 -1.27
2014-5-24T21:30:8.146 24.18 22.03 1447.49 22.44 -0.05 0.31 0.89 -6.56 21.03 -1.95 2.78 0.94 -1.28
2014-5-24T21:30:9.154 24.25 22.03 1447.49 22.44 -0.05 0.34 0.89 -6.29 21.06 -2.14 2.60 0.77 -1.24
2014-5-24T21:30:10.160 24.20 22.03 1433.07 22.44 -0.05 0.33 0.89 -6.29 21.06 -2.14 2.66 0.83 -1.12
2014-5-24T21:30:11.169 24.16 22.03 1433.10 22.44 -0.06 0.34 0.89 -6.23 21.09 -2.01 2.62 0.99 -1.35
2014-5-24T21:30:12.176 24.23 22.03 1433.10 22.44 -0.05 0.34 0.89 -6.23 21.09 -2.01 2.58 0.89 -1.21
2014-5-24T21:30:13.184 24.16 22.03 1433.09 22.44 -0.05 0.33 0.91 -6.38 21.09 -2.04 2.60 0.89 -1.11
2014-5-24T21:30:14.191 24.20 22.03 1433.09 22.44 -0.05 0.34 0.91 -6.38 21.09 -2.04 2.47 0.95 -1.18
2014-5-24T21:30:15.199 24.20 22.03 1433.09 22.44 -0.05 0.33 0.91 -6.68 20.97 -2.26 2.49 0.89 -1.10
2014-5-24T21:30:16.207 24.18 22.03 1433.07 22.44 -0.05 0.34 0.89 -6.68 20.97 -2.26 2.74 0.99 -1.28
2014-5-24T21:30:17.214 24.18 22.03 1433.07 22.44 -0.05 0.31 0.91 -6.29 20.94 -1.92 2.58 0.72 -1.20
2014-5-24T21:30:18.225 24.18 22.03 1433.10 22.44 -0.05 0.31 0.91 -6.29 20.94 -1.92 2.45 0.92 -1.30
2014-5-24T21:30:19.232 24.18 22.03 1433.10 22.44 -0.05 0.33 0.91 -6.41 20.94 -1.89 2.40 0.95 -1.22
2014-5-24T21:30:20.240 24.16 22.03 1433.11 22.44 -0.06 0.31 0.89 -6.41 20.94 -1.89 2.59 0.83 -1.32
2014-5-24T21:30:21.247 24.23 22.03 1425.90 22.44 -0.05 0.34 0.89 -6.53 20.84 -2.04 2.49 1.06 -1.24
2014-5-24T21:30:22.254 24.23 22.03 1425.89 22.44 -0.06 0.33 0.91 -6.53 20.84 -2.04 2.65 0.88 -1.45
2014-5-24T21:30:23.262 24.23 22.03 1440.31 22.44 -0.05 0.34 0.89 -6.65 21.06 -2.08 2.55 0.93 -1.21
2014-5-24T21:30:24.269 24.23 22.03 1440.26 22.44 -0.05 0.34 0.91 -6.65 21.06 -2.08 2.55 0.90 -1.43
2014-5-24T21:30:25.277 24.30 22.03 1447.47 22.44 -0.05 0.34 0.89 -6.20 20.97 -2.11 2.66 0.89 -1.30
2014-5-24T21:30:26.284 24.34 22.03 1447.51 22.44 -0.03 0.33 0.89 -6.20 20.97 -2.11 2.61 0.98 -1.26
2014-5-24T21:30:27.292 24.23 22.03 1454.72 22.44 -0.05 0.34 0.91 -6.44 21.15 -1.95 2.54 0.72 -1.36
2014-5-24T21:30:28.299 24.25 22.03 1454.70 22.44 -0.05 0.33 0.91 -6.44 21.15 -1.95 2.40 0.91 -1.24
2014-5-24T21:30:29.305 24.25 22.03 1454.70 22.44 -0.05 0.33 0.91 -6.56 21.12 -1.98 2.45 0.77 -1.14
2014-5-24T21:30:30.313 24.39 22.03 1461.91 22.44 -0.06 0.33 0.89 -6.56 21.12 -1.98 2.30 0.91 -1.17
2014-5-24T21:30:31.320 24.25 22.03 1461.88 22.44 -0.06 0.33 0.91 -6.50 20.97 -1.98 2.68 0.85 -1.24
2014-5-24T21:30:32.328 24.23 22.03 1440.26 22.44 -0.06 0.33 0.89 -6.50 20.97 -1.98 2.58 0.74 -1.31
2014-5-24T21:30:33.336 24.23 22.03 1440.27 22.44 -0.05 0.31 0.89 -6.53 21.00 -1.98 2.59 0.86 -1.21
2014-5-24T21:30:34.343 24.23 22.03 1433.07 22.44 -0.05 0.33 0.89 -6.53 21.00 -1.98 2.58 0.95 -1.15
2014-5-24T21:30:35.351 24.25 22.03 1433.05 22.44 -0.06 0.33 0.91 -6.44 21.09 -2.08 2.46 0.85 -1.16
2014-5-24T21:30:36.361 24.25 22.03 1433.05 22.44 -0.05 0.34 0.91 -6.44 21.09 -2.08 2.47 0.79 -1.27
2014-5-24T21:30:37.369 24.27 22.03 1433.09 22.44 -0.05 0.33 0.89 -6.41 21.09 -2.01 2.46 0.87 -1.33
2014-5-24T21:30:38.377 24.34 22.03 1454.72 22.44 -0.05 0.34 0.91 -6.41 21.09 -2.01 2.49 0.97 -1.27
2014-5-24T21:30:39.384 24.27 22.03 1454.67 22.44 -0.05 0.34 0.91 -6.35 20.97 -2.04 2.49 0.97 -1.27
2014-5-24T21:30:40.392 24.25 22.03 1433.04 22.44 -0.05 0.34 0.89 -6.35 20.97 -2.04 2.48 0.78 -1.23
2014-5-24T21:30:41.400 24.32 22.03 1433.07 22.44 -0.05 0.31 0.92 -6.44 21.12 -2.01 2.48 0.79 -1.30
2014-5-24T21:30:42.408 24.25 22.03 1447.48 22.44 -0.05 0.33 0.89 -6.44 21.12 -2.01 2.48 0.79 -1.30
2014-5-24T21:30:43.416 24.32 22.03 1447.48 22.44 -0.06 0.33 0.92 -6.35 21.21 -2.08 2.60 0.79 -1.34
2014-5-24T21:30:44.423 24.20 22.03 1454.71 22.44 -0.05 0.34 0.91 -6.35 21.21 -2.08 2.46 0.80 -1.25
2014-5-24T21:30:45.431 24.23 22.03 1454.71 22.44 -0.06 0.33 0.89 -6.29 21.00 -2.32 2.46 0.80 -1.25
2014-5-24T21:30:46.438 24.23 22.03 1454.75 22.44 -0.06 0.31 0.89 -6.29 21.00 -2.32 2.69 1.06 -1.17
2014-5-24T21:30:47.446 24.20 22.03 1454.75 22.44 -0.05 0.34 0.89 -6.29 21.12 -1.98 2.66 0.79 -1.22
2014-5-24T21:30:48.453 24.25 22.03 1454.70 22.44 -0.06 0.33 0.89 -6.29 21.12 -1.98 2.53 0.95 -1.21
2014-5-24T21:30:49.461 24.25 22.03 1418.66 22.44 -0.06 0.31 0.88 -6.41 21.12 -2.23 2.55 0.98 -1.17
2014-5-24T21:30:50.467 24.25 22.03 1418.62 22.44 -0.05 0.33 0.91 -6.41 21.12 -2.23 2.55 1.07 -1.11
2014-5-24T21:30:51.474 24.23 22.03 1440.25 22.44 -0.05 0.33 0.89 -6.41 21.27 -2.35 2.49 0.87 -1.15
2014-5-24T21:30:52.482 24.25 22.03 1440.26 22.44 -0.05 0.31 0.91 -6.41 21.27 -2.35 2.69 0.80 -1.22
2014-5-24T21:30:53.490 24.20 22.03 1440.26 22.44 -0.05 0.31 0.91 -6.41 21.03 -1.89 2.56 0.82 -1.38
2014-5-24T21:30:54.498 24.27 22.03 1440.22 22.44 -0.06 0.33 0.89 -6.41 21.03 -1.89 2.46 0.88 -1.34
2014-5-24T21:30:55.506 24.20 22.03 1461.84 22.44 -0.06 0.33 0.89 -6.38 21.30 -1.95 2.53 0.82 -1.22
2014-5-24T21:30:56.514 24.20 22.03 1461.87 22.44 -0.05 0.31 0.91 -6.38 21.30 -1.95 2.55 0.85 -1.35
2014-5-24T21:30:57.520 24.20 22.03 1454.66 22.44 -0.06 0.31 0.91 -6.32 21.03 -1.83 2.58 0.92 -1.11
2014-5-24T21:30:58.528 24.16 22.03 1454.66 22.44 -0.05 0.33 0.91 -6.32 21.03 -1.83 2.53 0.89 -1.08
2014-5-24T21:30:59.536 24.23 22.03 1454.73 22.44 -0.05 0.33 0.89 -6.41 21.00 -2.41 2.42 1.01 -1.32
2014-5-24T21:31:0.542 24.25 22.03 1447.53 22.44 -0.05 0.33 0.91 -6.41 21.00 -2.41 2.61 0.85 -1.18
2014-5-24T21:31:1.550 24.16 22.03 1447.48 22.44 -0.06 0.34 0.91 -6.44 21.06 -2.14 2.54 0.98 -1.30
2014-5-24T21:31:2.557 24.23 22.03 1447.48 22.44 -0.05 0.34 0.91 -6.44 21.06 -2.14 2.58 1.01 -1.03
2014-5-24T21:31:3.565 24.18 22.03 1447.48 22.44 -0.05 0.31 0.91 -6.41 20.87 -2.17 2.46 0.84 -1.14
2014-5-24T21:31:4.573 24.20 22.03 1433.07 22.44 -0.03 0.36 0.89 -6.41 20.87 -2.17 2.56 1.02 -1.09
2014-5-24T21:31:5.580 24.25 22.03 1433.06 22.44 -0.05 0.34 0.89 -6.23 20.97 -1.83 2.65 0.92 -1.25
2014-5-24T21:31:6.587 24.18 22.03 1418.64 22.44 -0.05 0.33 0.91 -6.23 20.97 -1.83 2.44 1.03 -1.22
2014-5-24T21:31:7.595 24.18 22.03 1418.62 22.44 -0.05 0.34 0.91 -6.44 20.97 -2.01 2.59 1.01 -1.24
2014-5-24T21:31:8.603 24.18 22.03 1440.24 22.44 -0.03 0.34 0.91 -6.44 20.97 -2.01 2.34 0.89 -1.21
2014-5-24T21:31:9.610 24.20 22.03 1440.24 22.44 -0.06 0.31 0.89 -6.47 21.00 -1.71 2.63 0.91 -1.11
2014-5-24T21:31:10.616 24.20 22.03 1483.49 22.44 -0.05 0.31 0.91 -6.47 21.00 -1.71 2.65 1.06 -1.22
2014-5-24T21:31:11.624 24.16 22.03 1483.53 22.44 -0.05 0.33 0.91 -6.38 21.18 -2.26 2.66 0.74 -1.24
2014-5-24T21:31:12.632 24.20 22.03 1411.44 22.44 -0.06 0.33 0.89 -6.38 21.18 -2.26 2.77 0.95 -1.00
2014-5-24T21:31:13.650 24.23 22.03 1411.44 22.44 -0.06 0.34 0.89 -6.44 21.09 -1.92 2.56 0.87 -1.21
2014-5-24T21:31:14.657 24.20 22.03 1411.41 22.44 -0.05 0.34 0.89 -6.44 21.09 -1.92 2.40 0.91 -1.12
2014-5-24T21:31:15.664 24.25 22.03 1447.45 22.44 -0.06 0.33 0.91 -6.26 21.00 -2.23 2.39 0.98 -1.31
2014-5-24T21:31:16.671 24.20 22.03 1447.48 22.44 -0.06 0.33 0.89 -6.26 21.00 -2.23 2.44 0.85 -1.33
2014-5-24T21:31:17.679 24.25 22.03 1454.68 22.44 -0.05 0.33 0.91 -6.32 21.00 -1.95 2.46 0.83 -1.26
2014-5-24T21:31:18.692 24.18 22.03 1454.61 22.44 -0.05 0.33 0.91 -6.32 21.00 -1.95 2.76 1.14 -1.34
2014-5-24T21:31:19.699 24.23 22.03 1461.82 22.44 -0.06 0.34 0.91 -6.38 21.12 -2.20 2.50 0.89 -1.27
2014-5-24T21:31:20.706 24.20 22.03 1461.83 22.44 -0.06 0.31 0.91 -6.38 21.12 -2.20 2.58 1.02 -1.11
2014-5-24T21:31:21.712 24.20 22.03 1440.21 22.44 -0.05 0.31 0.91 -6.59 21.03 -2.14 2.66 0.86 -1.27
2014-5-24T21:31:22.719 24.18 22.03 1440.26 22.44 -0.05 0.34 0.89 -6.59 21.03 -2.14 2.41 0.81 -1.31
2014-5-24T21:31:23.726 24.12 22.00 1447.47 22.44 -0.05 0.34 0.91 -6.29 21.12 -2.17 2.58 1.17 -1.24
2014-5-24T21:31:24.735 24.24 22.00 1447.43 22.44 -0.05 0.34 0.91 -6.29 21.12 -2.17 2.53 0.82 -1.13
2014-5-24T21:31:25.742 24.15 22.00 1454.64 22.44 -0.05 0.34 0.89 -6.44 21.00 -2.08 2.53 0.74 -1.16
2014-5-24T21:31:26.749 24.25 22.03 1454.66 22.44 -0.05 0.31 0.89 -6.44 20.97 -2.69 2.52 0.93 -1.12
2014-5-24T21:31:27.758 24.18 22.03 1447.45 22.44 -0.05 0.31 0.89 -6.44 20.97 -2.69 2.72 0.85 -1.29
2014-5-24T21:31:28.766 24.19 22.00 1447.45 22.44 -0.05 0.31 0.89 -6.44 20.97 -2.69 2.34 0.91 -1.24
2014-5-24T21:31:29.772 24.22 22.00 1447.39 22.44 -0.05 0.33 0.89 -6.35 21.12 -2.20 2.46 1.00 -1.11
2014-5-24T21:31:30.779 24.26 22.00 1432.97 22.44 -0.05 0.34 0.89 -6.38 21.15 -2.29 2.54 0.92 -1.21
2014-5-24T21:31:31.787 24.31 22.00 1433.03 22.44 -0.06 0.33 0.91 -6.38 21.15 -2.29 2.72 0.97 -1.19
2014-5-24T21:31:32.795 24.26 22.00 1454.66 22.44 -0.05 0.33 0.91 -6.41 21.03 -2.14 2.52 0.93 -1.16
2014-5-24T21:31:33.803 24.17 22.00 1454.62 22.44 -0.06 0.33 0.89 -6.41 21.03 -2.14 2.78 0.79 -1.26
2014-5-24T21:31:34.809 24.10 22.00 1447.41 22.44 -0.05 0.33 0.91 -6.35 21.06 -2.35 2.32 1.08 -1.19
2014-5-24T21:31:35.816 24.12 22.00 1447.41 22.44 -0.05 0.34 0.91 -6.35 21.06 -2.35 2.55 0.93 -1.33
2014-5-24T21:31:36.823 24.19 22.00 1454.62 22.44 -0.05 0.31 0.91 -6.23 21.12 -2.20 2.49 0.89 -1.24
2014-5-24T21:31:37.831 24.15 22.00 1454.62 22.44 -0.05 0.34 0.89 -6.23 21.12 -2.20 2.54 1.03 -1.28
2014-5-24T21:31:38.838 24.19 22.00 1454.62 22.44 -0.05 0.33 0.89 -6.44 21.36 -2.17 2.40 0.98 -1.26
2014-5-24T21:31:39.846 24.17 22.00 1454.66 22.44 -0.05 0.34 0.89 -6.44 21.36 -2.17 2.68 1.01 -1.16
2014-5-24T21:31:40.854 24.22 22.00 1469.07 22.44 -0.05 0.33 0.89 -6.50 21.09 -1.95 2.55 0.95 -1.19
2014-5-24T21:31:41.862 24.19 22.00 1469.07 22.44 -0.05 0.31 0.91 -6.50 21.09 -1.95 2.43 0.84 -1.14
2014-5-24T21:31:42.868 24.15 22.00 1469.07 22.44 -0.05 0.34 0.91 -6.23 21.12 -2.11 2.43 0.99 -1.17
2014-5-24T21:31:43.876 24.15 22.00 1469.07 22.44 -0.05 0.33 0.89 -6.23 21.12 -2.11 2.52 0.89 -1.19
2014-5-24T21:31:44.883 24.19 22.00 1469.06 22.44 -0.05 0.33 0.89 -6.41 21.30 -1.77 2.47 0.95 -1.21
2014-5-24T21:31:45.892 24.22 22.00 1433.02 22.44 -0.05 0.33 0.89 -6.41 21.30 -1.77 2.71 1.05 -1.24
2014-5-24T21:31:46.899 24.26 22.00 1433.05 22.44 -0.05 0.34 0.89 -6.50 21.21 -2.04 2.39 1.06 -1.25
2014-5-24T21:31:47.908 24.15 22.00 1461.88 22.44 -0.05 0.34 0.89 -6.50 21.21 -2.04 2.58 0.90 -1.37
2014-5-24T21:31:48.914 24.17 22.00 1461.81 22.44 -0.05 0.34 0.89 -6.53 21.24 -1.74 2.50 0.82 -1.30
2014-5-24T21:31:49.922 24.17 22.00 1454.60 22.44 -0.06 0.33 0.88 -6.53 21.24 -1.74 2.49 0.96 -1.11
2014-5-24T21:31:50.929 24.10 22.00 1454.63 22.44 -0.05 0.34 0.91 -6.38 21.09 -1.68 2.49 0.96 -1.27
2014-5-24T21:31:51.937 24.12 22.00 1454.63 22.44 -0.05 0.33 0.89 -6.38 21.09 -1.68 2.53 0.86 -1.31
2014-5-24T21:31:52.945 24.15 22.00 1454.63 22.47 -0.05 0.31 0.91 -6.53 21.03 -2.41 2.66 1.05 -1.23
2014-5-24T21:31:53.952 24.15 22.00 1461.84 22.47 -0.06 0.31 0.91 -6.53 21.03 -2.41 2.54 0.97 -1.31
2014-5-24T21:31:54.960 24.15 22.00 1461.79 22.46 -0.05 0.34 0.89 -6.50 21.21 -1.98 2.37 0.89 -1.17
