# date irTemp ambientTemp pressure humidity acceleration(x y z) magnetometer(x y z) gyroscope(x y z)
2014-5-25T11:28:42.089 24.35 22.41 1275.57 22.78 -0.05 0.34 0.91 -6.53 21.64 -3.97 2.48 0.64 -1.20
2014-5-25T11:28:43.108 24.35 22.41 1268.36 22.78 -0.06 0.33 0.89 -6.35 21.79 -4.15 2.66 0.41 -1.15
2014-5-25T11:28:44.118 24.28 22.41 1268.37 22.78 -0.05 0.34 0.91 -6.35 21.79 -4.15 2.69 0.50 -1.05
2014-5-25T11:28:45.127 24.39 22.41 1304.44 22.78 -0.05 0.33 0.91 -6.41 21.82 -3.81 2.53 0.66 -1.19
2014-5-25T11:28:46.135 24.42 22.41 1304.45 22.78 -0.06 0.33 0.89 -6.41 21.82 -3.81 2.45 0.43 -1.16
2014-5-25T11:28:47.144 24.49 22.41 1275.59 22.78 -0.06 0.34 0.91 -6.47 21.73 -4.94 2.59 0.46 -1.05
2014-5-25T11:28:48.153 24.42 22.41 1275.61 22.78 -0.05 0.33 0.91 -6.47 21.73 -4.94 2.69 0.47 -0.93
2014-5-25T11:28:49.160 24.51 22.41 1275.61 22.78 -0.05 0.34 0.89 -6.56 21.76 -4.24 2.66 0.61 -0.98
2014-5-25T11:28:50.169 24.46 22.41 1282.82 22.78 -0.06 0.34 0.91 -6.56 21.76 -4.24 2.72 0.38 -1.17
2014-5-25T11:28:51.176 24.56 22.41 1282.83 22.78 -0.05 0.36 0.89 -6.53 21.61 -4.33 2.68 0.38 -1.09
2014-5-25T11:28:52.185 24.58 22.41 1261.19 22.78 -0.05 0.34 0.91 -6.53 21.61 -4.33 2.56 0.53 -1.17
2014-5-25T11:28:53.210 24.49 22.41 1261.16 22.78 -0.06 0.33 0.91 -6.35 21.61 -4.58 2.47 0.51 -0.96
2014-5-25T11:28:54.218 24.60 22.41 1261.16 22.78 -0.03 0.34 0.91 -6.35 21.61 -4.58 2.62 0.53 -1.17
2014-5-25T11:28:55.227 24.59 22.44 1261.14 22.78 -0.05 0.34 0.91 -6.41 21.55 -4.30 2.46 0.56 -1.31
2014-5-25T11:28:56.240 24.56 22.41 1268.36 22.78 -0.05 0.34 0.89 -6.41 21.55 -4.30 2.62 0.43 -1.04
2014-5-25T11:28:57.248 24.66 22.44 1268.50 22.78 -0.05 0.34 0.89 -6.47 21.67 -4.33 2.59 0.46 -1.05
2014-5-25T11:28:58.257 24.54 22.44 1275.72 22.78 -0.05 0.31 0.91 -6.47 21.67 -4.33 2.68 0.50 -1.17
2014-5-25T11:28:59.265 24.57 22.44 1275.67 22.78 -0.05 0.31 0.91 -6.29 21.76 -4.30 2.53 0.21 -1.22
2014-5-25T11:29:0.274 24.57 22.44 1275.67 22.78 -0.05 0.33 0.89 -6.29 21.76 -4.30 2.33 0.47 -1.15
2014-5-25T11:29:1.282 24.50 22.44 1275.63 22.78 -0.06 0.33 0.91 -6.35 21.67 -4.46 2.49 0.50 -0.96
2014-5-25T11:29:2.291 24.61 22.44 1275.63 22.78 -0.05 0.34 0.91 -6.35 21.67 -4.46 2.59 0.70 -1.01
2014-5-25T11:29:3.300 24.61 22.44 1275.63 22.78 -0.05 0.34 0.91 -6.41 21.88 -4.12 2.60 0.56 -1.23
2014-5-25T11:29:4.309 24.59 22.44 1275.63 22.78 -0.05 0.34 0.91 -6.41 21.88 -4.12 2.33 0.61 -1.10
2014-5-25T11:29:5.316 24.52 22.44 1275.63 22.78 -0.05 0.36 0.91 -6.50 21.73 -3.85 2.60 0.38 -1.21
2014-5-25T11:29:6.325 24.54 22.44 1275.65 22.78 -0.05 0.33 0.89 -6.50 21.73 -3.85 2.46 0.44 -1.11
2014-5-25T11:29:7.333 24.54 22.44 1268.44 22.78 -0.05 0.33 0.89 -6.41 21.70 -3.66 2.40 0.44 -1.01
2014-5-25T11:29:8.341 24.54 22.44 1268.41 22.78 -0.05 0.33 0.91 -6.41 21.70 -3.66 2.43 0.55 -1.09
2014-5-25T11:29:9.348 24.54 22.44 1290.05 22.78 -0.05 0.33 0.91 -6.32 21.91 -3.63 2.56 0.48 -1.02
2014-5-25T11:29:10.355 24.57 22.44 1290.06 22.78 -0.06 0.34 0.91 -6.32 21.91 -3.63 2.59 0.41 -1.04
2014-5-25T11:29:11.363 24.52 22.44 1253.99 22.78 -0.05 0.34 0.89 -6.26 21.91 -4.27 2.40 0.34 -1.17
2014-5-25T11:29:12.372 24.57 22.44 1253.96 22.78 -0.05 0.33 0.91 -6.26 21.91 -4.27 2.43 0.58 -1.01
2014-5-25T11:29:13.380 24.47 22.44 1261.17 22.78 -0.06 0.33 0.91 -6.41 21.76 -3.94 2.49 0.47 -1.11
2014-5-25T11:29:14.387 24.52 22.44 1261.24 22.78 -0.06 0.33 0.91 -6.41 21.76 -3.94 2.56 0.48 -1.28
2014-5-25T11:29:15.396 24.61 22.44 1290.10 22.78 -0.05 0.33 0.91 -6.56 21.73 -3.94 2.66 0.41 -1.14
2014-5-25T11:29:16.403 24.57 22.44 1290.02 22.78 -0.05 0.34 0.89 -6.56 21.73 -3.94 2.62 0.53 -1.11
2014-5-25T11:29:17.412 24.59 22.44 1261.16 22.78 -0.05 0.33 0.91 -6.47 21.55 -4.27 2.62 0.65 -1.21
2014-5-25T11:29:18.420 24.59 22.44 1261.23 22.78 -0.05 0.34 0.91 -6.47 21.55 -4.27 2.58 0.66 -1.31
2014-5-25T11:29:19.427 24.54 22.44 1261.23 22.78 -0.06 0.34 0.91 -6.41 21.70 -3.88 2.59 0.54 -1.18
2014-5-25T11:29:20.436 24.50 22.44 1275.66 22.78 -0.05 0.34 0.91 -6.41 21.70 -3.88 2.56 0.47 -1.16
2014-5-25T11:29:21.443 24.61 22.44 1275.62 22.78 -0.06 0.33 0.91 -6.35 21.73 -4.30 2.59 0.43 -0.98
2014-5-25T11:29:22.467 24.61 22.44 1253.98 22.78 -0.05 0.34 0.92 -6.35 21.73 -4.30 2.71 0.54 -1.08
2014-5-25T11:29:23.482 24.52 22.44 1254.02 22.78 -0.05 0.34 0.89 -6.53 21.64 -3.97 2.45 0.43 -1.12
2014-5-25T11:29:24.491 24.59 22.44 1261.24 22.78 -0.05 0.34 0.91 -6.53 21.64 -3.97 2.51 0.38 -1.09
2014-5-25T11:29:25.501 24.59 22.44 1261.22 22.78 -0.06 0.33 0.91 -6.38 21.64 -4.39 2.56 0.50 -1.21
2014-5-25T11:29:26.510 24.47 22.44 1254.01 22.78 -0.05 0.34 0.91 -6.38 21.64 -4.39 2.54 0.56 -1.11
2014-5-25T11:29:27.518 24.67 22.47 1254.01 22.78 -0.06 0.33 0.89 -6.38 21.64 -4.33 2.63 0.47 -1.36
2014-5-25T11:29:28.535 24.61 22.44 1254.01 22.78 -0.05 0.34 0.89 -6.38 21.64 -4.33 2.66 0.56 -1.01
2014-5-25T11:29:29.543 24.53 22.47 1254.04 22.78 -0.08 0.34 0.89 -6.50 21.70 -3.60 2.65 0.64 -1.24
2014-5-25T11:29:30.552 24.60 22.47 1254.04 22.78 -0.05 0.33 0.91 -6.50 21.70 -3.60 2.66 0.28 -1.07
2014-5-25T11:29:31.560 24.62 22.47 1254.07 22.78 -0.05 0.31 0.91 -6.53 21.61 -4.03 2.57 0.54 -1.08
2014-5-25T11:29:32.569 24.58 22.47 1254.07 22.78 -0.06 0.31 0.91 -6.53 21.61 -4.03 2.59 0.43 -1.17
2014-5-25T11:29:33.577 24.60 22.47 1254.03 22.78 -0.05 0.34 0.91 -6.44 21.64 -3.69 2.51 0.32 -1.09
2014-5-25T11:29:34.586 24.51 22.47 1254.03 22.78 -0.05 0.34 0.89 -6.44 21.64 -3.69 2.49 0.51 -0.89
2014-5-25T11:29:35.595 24.60 22.47 1254.03 22.78 -0.05 0.33 0.89 -6.44 21.73 -4.03 2.66 0.34 -1.19
2014-5-25T11:29:36.602 24.60 22.47 1254.01 22.78 -0.03 0.34 0.91 -6.44 21.73 -4.03 2.62 0.46 -1.27
2014-5-25T11:29:37.611 24.58 22.47 1239.58 22.78 -0.05 0.33 0.89 -6.50 21.70 -4.15 2.59 0.48 -1.05
2014-5-25T11:29:38.618 24.65 22.47 1239.63 22.78 -0.05 0.33 0.91 -6.50 21.70 -4.15 2.63 0.37 -1.14
2014-5-25T11:29:39.628 24.65 22.47 1261.27 22.78 -0.06 0.33 0.89 -6.44 21.45 -4.00 2.78 0.71 -1.21
2014-5-25T11:29:40.636 24.65 22.47 1261.25 22.78 -0.05 0.36 0.91 -6.44 21.45 -4.00 2.59 0.58 -0.87
2014-5-25T11:29:41.644 24.60 22.47 1232.39 22.78 -0.06 0.34 0.89 -6.35 21.67 -3.78 2.66 0.50 -0.95
2014-5-25T11:29:42.652 24.67 22.47 1232.46 22.78 -0.06 0.33 0.89 -6.35 21.67 -3.78 2.34 0.50 -0.92
2014-5-25T11:29:43.660 24.69 22.47 1254.11 22.78 -0.06 0.33 0.91 -6.53 21.76 -4.30 2.69 0.56 -1.03
2014-5-25T11:29:44.669 24.62 22.47 1254.10 22.78 -0.05 0.36 0.91 -6.53 21.76 -4.30 2.63 0.38 -1.30
2014-5-25T11:29:45.677 24.58 22.47 1254.10 22.78 -0.05 0.33 0.89 -6.53 21.76 -4.21 2.61 0.42 -1.25
2014-5-25T11:29:46.686 24.67 22.47 1254.07 22.78 -0.03 0.34 0.91 -6.53 21.76 -4.21 2.49 0.43 -0.78
2014-5-25T11:29:47.695 24.69 22.47 1275.72 22.78 -0.05 0.31 0.91 -6.32 21.79 -3.60 2.52 0.59 -1.17
2014-5-25T11:29:48.703 24.60 22.47 1275.73 22.78 -0.05 0.33 0.89 -6.32 21.79 -3.60 2.56 0.53 -1.08
2014-5-25T11:29:49.711 24.58 22.47 1275.73 22.78 -0.05 0.33 0.89 -6.47 21.58 -4.18 2.56 0.53 -1.08
2014-5-25T11:29:50.719 24.60 22.47 1239.65 22.78 -0.05 0.34 0.89 -6.47 21.58 -4.18 2.46 0.51 -1.06
2014-5-25T11:29:51.726 24.60 22.47 1239.70 22.78 -0.05 0.34 0.91 -6.59 21.48 -4.18 2.54 0.44 -1.05
2014-5-25T11:29:52.734 24.62 22.47 1254.13 22.78 -0.06 0.34 0.91 -6.59 21.48 -4.18 2.54 0.44 -1.05
2014-5-25T11:29:53.742 24.55 22.47 1254.10 22.78 -0.05 0.31 0.91 -6.50 21.76 -4.18 2.62 0.35 -1.01
2014-5-25T11:29:54.750 24.51 22.47 1246.89 22.86 -0.06 0.34 0.91 -6.50 21.76 -4.18 2.40 0.34 -1.01
2014-5-25T11:29:55.757 24.53 22.47 1246.89 22.78 -0.05 0.34 0.88 -6.32 21.55 -4.33 2.57 0.40 -1.13
2014-5-25T11:29:56.767 24.60 22.47 1261.33 22.86 -0.05 0.36 0.91 -6.32 21.55 -4.33 2.65 0.40 -1.08
2014-5-25T11:29:57.774 24.51 22.47 1261.28 22.78 -0.05 0.34 0.89 -6.41 21.64 -3.72 2.68 0.60 -0.97
2014-5-25T11:29:58.782 24.55 22.47 1254.07 22.86 -0.05 0.33 0.89 -6.44 21.82 -3.91 2.75 0.53 -1.01
2014-5-25T11:29:59.791 24.55 22.47 1254.10 22.86 -0.05 0.33 0.89 -6.44 21.82 -3.91 2.66 0.44 -1.11
2014-5-25T11:30:0.798 24.53 22.47 1246.89 22.86 -0.05 0.34 0.91 -6.44 21.82 -3.91 2.59 0.54 -1.19
2014-5-25T11:30:1.807 24.46 22.47 1246.91 22.86 -0.05 0.33 0.91 -6.59 21.58 -4.43 2.64 0.64 -0.91
2014-5-25T11:30:2.815 24.46 22.47 1239.69 22.86 -0.06 0.33 0.91 -6.59 21.58 -4.43 2.45 0.54 -1.12
2014-5-25T11:30:3.822 24.58 22.47 1239.66 22.86 -0.06 0.33 0.89 -6.47 21.82 -4.09 2.75 0.45 -1.19
2014-5-25T11:30:4.830 24.59 22.50 1239.66 22.86 -0.05 0.34 0.89 -6.59 21.64 -4.00 2.66 0.38 -1.24
2014-5-25T11:30:5.839 24.66 22.50 1232.44 22.86 -0.06 0.33 0.91 -6.59 21.64 -4.00 2.65 0.50 -1.00
2014-5-25T11:30:6.847 24.63 22.50 1232.51 22.86 -0.06 0.33 0.89 -6.44 21.76 -3.97 2.84 0.55 -1.10
2014-5-25T11:30:7.855 24.61 22.50 1261.38 22.86 -0.05 0.33 0.89 -6.44 21.76 -3.97 2.48 0.63 -1.19
2014-5-25T11:30:8.863 24.61 22.50 1261.33 22.86 -0.06 0.33 0.91 -6.35 21.58 -4.15 2.54 0.51 -0.99
2014-5-25T11:30:9.872 24.52 22.50 1232.47 22.86 -0.06 0.34 0.91 -6.35 21.58 -4.15 2.56 0.40 -0.98
2014-5-25T11:30:10.880 24.61 22.50 1232.46 22.86 -0.05 0.34 0.89 -6.59 21.73 -4.27 2.54 0.45 -1.10
2014-5-25T11:30:11.896 24.61 22.50 1246.89 22.86 -0.05 0.33 0.91 -6.59 21.73 -4.27 2.55 0.66 -1.40
2014-5-25T11:30:12.904 24.59 22.50 1246.87 22.86 -0.05 0.34 0.89 -6.44 21.73 -3.94 2.66 0.53 -1.11
2014-5-25T11:30:13.913 24.59 22.50 1239.66 22.86 -0.05 0.34 0.91 -6.44 21.73 -3.94 2.73 0.53 -1.11
2014-5-25T11:30:14.921 24.59 22.50 1239.69 22.86 -0.05 0.36 0.91 -6.38 21.73 -4.00 2.63 0.63 -1.03
2014-5-25T11:30:15.930 24.61 22.50 1239.69 22.86 -0.06 0.34 0.89 -6.38 21.73 -4.00 2.40 0.43 -1.03
2014-5-25T11:30:16.939 24.68 22.50 1239.72 22.86 -0.05 0.34 0.91 -6.23 21.61 -4.06 2.74 0.61 -1.10
2014-5-25T11:30:17.947 24.54 22.50 1210.86 22.86 -0.05 0.36 0.89 -6.23 21.61 -4.06 2.65 0.43 -1.13
2014-5-25T11:30:18.956 24.54 22.50 1210.83 22.86 -0.05 0.34 0.89 -6.44 21.82 -3.69 2.75 0.50 -1.26
2014-5-25T11:30:19.965 24.61 22.50 1210.83 22.86 -0.06 0.34 0.89 -6.44 21.82 -3.69 2.62 0.60 -1.11
2014-5-25T11:30:20.974 24.52 22.50 1239.69 22.86 -0.05 0.33 0.91 -6.62 21.70 -4.00 2.78 0.37 -1.21
2014-5-25T11:30:21.982 24.61 22.50 1239.70 22.86 -0.06 0.33 0.89 -6.62 21.70 -4.00 2.75 0.36 -1.14
2014-5-25T11:30:22.990 24.54 22.50 1239.70 22.86 -0.05 0.33 0.89 -6.47 21.58 -4.36 2.81 0.44 -1.01
2014-5-25T11:30:23.999 24.52 22.50 1239.86 22.86 -0.05 0.34 0.91 -6.47 21.58 -4.36 2.65 0.36 -0.98
2014-5-25T11:30:25.007 24.66 22.50 1239.86 22.86 -0.05 0.34 0.91 -6.32 21.73 -4.06 2.59 0.42 -1.13
2014-5-25T11:30:26.016 24.61 22.50 1239.69 22.86 -0.06 0.34 0.89 -6.32 21.73 -4.06 2.60 0.60 -1.26
2014-5-25T11:30:27.025 24.59 22.50 1239.69 22.86 -0.05 0.34 0.89 -6.50 21.73 -3.69 2.67 0.33 -1.16
2014-5-25T11:30:28.034 24.63 22.50 1239.69 22.86 -0.06 0.34 0.91 -6.50 21.73 -3.69 2.57 0.45 -1.05
2014-5-25T11:30:29.042 24.61 22.50 1239.69 22.86 -0.06 0.34 0.89 -6.32 21.58 -3.94 2.31 0.50 -1.01
2014-5-25T11:30:30.059 24.61 22.50 1239.75 22.86 -0.06 0.34 0.89 -6.32 21.58 -3.94 2.53 0.54 -1.14
2014-5-25T11:30:31.066 24.61 22.50 1225.32 22.86 -0.05 0.33 0.91 -6.53 21.58 -4.49 2.66 0.66 -1.10
2014-5-25T11:30:32.075 24.63 22.50 1225.31 22.86 -0.06 0.34 0.91 -6.53 21.58 -4.49 2.63 0.61 -1.11
2014-5-25T11:30:33.083 24.63 22.50 1239.74 22.86 -0.05 0.33 0.91 -6.32 21.85 -4.06 2.55 0.40 -1.06
2014-5-25T11:30:34.092 24.59 22.50 1239.71 22.86 -0.06 0.33 0.91 -6.32 21.85 -4.06 2.45 0.47 -1.17
2014-5-25T11:30:35.100 24.68 22.50 1232.49 22.86 -0.06 0.33 0.89 -6.35 21.73 -4.67 2.48 0.57 -1.14
2014-5-25T11:30:36.109 24.61 22.50 1232.47 22.86 -0.06 0.34 0.91 -6.35 21.73 -4.67 2.62 0.49 -1.00
2014-5-25T11:30:37.117 24.61 22.50 1232.47 22.86 -0.06 0.34 0.91 -6.38 21.85 -4.73 2.59 0.53 -0.95
2014-5-25T11:30:38.124 24.56 22.50 1225.25 22.86 -0.06 0.33 0.89 -6.38 21.85 -4.73 2.59 0.36 -1.05
2014-5-25T11:30:39.133 24.52 22.50 1225.43 22.86 -0.05 0.34 0.92 -6.50 21.76 -4.06 2.59 0.55 -1.23
2014-5-25T11:30:40.141 24.70 22.50 1232.65 22.86 -0.05 0.34 0.91 -6.50 21.76 -4.06 2.74 0.39 -1.11
2014-5-25T11:30:41.148 24.61 22.50 1232.49 22.86 -0.05 0.34 0.91 -6.41 21.51 -4.18 2.73 0.39 -1.06
2014-5-25T11:30:42.156 24.68 22.50 1225.28 22.86 -0.06 0.33 0.91 -6.41 21.51 -4.18 2.68 0.40 -1.01
2014-5-25T11:30:43.164 24.68 22.50 1225.31 22.86 -0.06 0.33 0.89 -6.41 21.55 -3.97 2.62 0.34 -1.05
2014-5-25T11:30:44.173 24.60 22.53 1246.96 22.86 -0.06 0.33 0.89 -6.41 21.55 -3.97 2.40 0.50 -1.21
2014-5-25T11:30:45.181 24.66 22.50 1246.97 22.86 -0.05 0.34 0.91 -6.41 21.24 -4.27 2.77 0.46 -1.01
2014-5-25T11:30:46.188 24.55 22.53 1225.32 22.86 -0.06 0.33 0.89 -6.41 21.24 -4.27 2.53 0.55 -0.95
2014-5-25T11:30:47.196 24.60 22.53 1225.31 22.86 -0.06 0.33 0.91 -6.41 21.58 -3.94 2.58 0.48 -1.09
2014-5-25T11:30:48.205 24.64 22.53 1225.31 22.86 -0.05 0.34 0.89 -6.41 21.58 -3.94 2.78 0.41 -1.00
2014-5-25T11:30:49.213 24.48 22.53 1225.27 22.86 -0.05 0.34 0.89 -6.41 21.58 -4.09 2.61 0.45 -1.06
2014-5-25T11:30:50.222 24.62 22.53 1225.27 22.86 -0.05 0.34 0.91 -6.41 21.58 -4.09 2.76 0.56 -1.14
2014-5-25T11:30:51.231 24.67 22.53 1246.92 22.86 -0.05 0.33 0.91 -6.26 21.58 -4.24 2.40 0.39 -1.14
2014-5-25T11:30:52.240 24.60 22.53 1246.96 22.86 -0.05 0.33 0.91 -6.26 21.58 -4.24 2.66 0.37 -1.10
2014-5-25T11:30:53.248 24.57 22.53 1225.31 22.86 -0.05 0.34 0.91 -6.59 21.85 -3.91 2.78 0.27 -1.06
2014-5-25T11:30:54.258 24.62 22.53 1225.34 22.86 -0.05 0.34 0.91 -6.59 21.85 -3.91 2.53 0.43 -1.11
2014-5-25T11:30:55.266 24.64 22.53 1225.34 22.86 -0.06 0.33 0.91 -6.56 21.70 -4.15 2.64 0.38 -0.96
2014-5-25T11:30:56.273 24.69 22.53 1225.33 22.86 -0.06 0.31 0.88 -6.56 21.70 -4.15 2.69 0.42 -1.05
2014-5-25T11:30:57.282 24.64 22.53 1210.89 22.86 -0.06 0.31 0.88 -6.35 21.58 -4.03 2.39 0.57 -1.16
2014-5-25T11:30:58.289 24.60 22.53 1210.88 22.86 -0.06 0.31 0.89 -6.35 21.58 -4.03 2.57 0.37 -1.15
2014-5-25T11:30:59.298 24.67 22.53 1210.88 22.86 -0.06 0.36 0.89 -6.59 21.76 -4.03 2.66 0.46 -0.97
2014-5-25T11:31:0.307 24.62 22.53 1210.91 22.86 -0.06 0.33 0.91 -6.59 21.76 -4.03 2.85 0.48 -1.17
2014-5-25T11:31:1.314 24.67 22.53 1218.12 22.86 -0.05 0.34 0.89 -6.26 21.58 -3.51 2.62 0.43 -1.00
2014-5-25T11:31:2.323 24.67 22.53 1218.10 22.86 -0.06 0.33 0.91 -6.26 21.58 -3.51 2.66 0.47 -0.92
2014-5-25T11:31:3.331 24.67 22.53 1218.10 22.86 -0.05 0.36 0.92 -6.68 21.64 -4.27 2.42 0.54 -1.08
2014-5-25T11:31:4.340 24.62 22.53 1218.12 22.86 -0.05 0.36 0.89 -6.68 21.64 -4.27 2.58 0.36 -0.90
2014-5-25T11:31:5.348 24.64 22.53 1218.12 22.86 -0.03 0.34 0.91 -6.47 21.58 -4.39 2.64 0.56 -0.93
2014-5-25T11:31:6.355 24.55 22.53 1203.69 22.86 -0.05 0.34 0.91 -6.47 21.58 -4.39 2.56 0.55 -0.88
2014-5-25T11:31:7.364 24.64 22.53 1203.67 22.86 -0.05 0.34 0.92 -6.68 21.64 -4.00 2.57 0.56 -0.99
2014-5-25T11:31:8.372 24.55 22.53 1239.75 22.86 -0.05 0.34 0.89 -6.68 21.64 -4.00 2.84 0.56 -1.18
2014-5-25T11:31:9.380 24.64 22.53 1239.79 22.86 -0.05 0.36 0.89 -6.56 21.73 -4.49 2.72 0.50 -0.98
2014-5-25T11:31:10.388 24.64 22.53 1218.14 22.86 -0.05 0.34 0.89 -6.56 21.73 -4.49 2.60 0.40 -1.01
2014-5-25T11:31:11.396 24.69 22.53 1218.30 22.86 -0.05 0.31 0.91 -6.26 21.64 -3.88 2.66 0.36 -0.92
2014-5-25T11:31:12.405 24.67 22.53 1211.08 22.86 -0.05 0.34 0.89 -6.26 21.64 -3.88 2.56 0.38 -1.01
2014-5-25T11:31:13.412 24.69 22.53 1210.92 22.86 -0.06 0.33 0.89 -6.38 21.48 -4.21 2.79 0.50 -1.08
2014-5-25T11:31:14.421 24.62 22.53 1225.35 22.86 -0.05 0.33 0.89 -6.38 21.48 -4.21 2.45 0.34 -0.89
2014-5-25T11:31:15.430 24.64 22.53 1225.38 22.86 -0.05 0.34 0.89 -6.50 21.70 -4.06 2.69 0.35 -0.98
2014-5-25T11:31:16.437 24.64 22.53 1218.16 22.86 -0.06 0.33 0.89 -6.50 21.70 -4.06 2.61 0.51 -1.19
2014-5-25T11:31:17.448 24.67 22.53 1218.11 22.86 -0.05 0.34 0.89 -6.44 21.45 -4.52 2.62 0.45 -0.95
2014-5-25T11:31:18.474 24.69 22.53 1225.33 22.86 -0.05 0.34 0.91 -6.44 21.45 -4.52 2.72 0.40 -0.98
2014-5-25T11:31:19.482 24.60 22.53 1225.30 22.86 -0.06 0.33 0.91 -6.50 21.64 -4.52 2.54 0.43 -1.13
2014-5-25T11:31:20.491 24.62 22.53 1218.09 22.86 -0.06 0.33 0.89 -6.50 21.64 -4.52 2.72 0.31 -1.05
2014-5-25T11:31:21.498 24.67 22.53 1218.09 22.86 -0.05 0.34 0.91 -6.35 21.70 -4.15 2.54 0.59 -1.19
2014-5-25T11:31:22.507 24.69 22.53 1218.21 22.95 -0.06 0.34 0.91 -6.35 21.70 -4.15 2.56 0.60 -1.05
2014-5-25T11:31:23.522 24.60 22.53 1196.56 22.95 -0.05 0.33 0.91 -6.53 21.70 -3.91 2.72 0.40 -1.02
2014-5-25T11:31:24.529 24.69 22.53 1196.49 22.95 -0.05 0.34 0.89 -6.53 21.70 -3.91 2.50 0.43 -1.10
2014-5-25T11:31:25.538 24.65 22.56 1218.14 22.95 -0.06 0.34 0.89 -6.56 21.61 -4.21 2.46 0.56 -1.14
2014-5-25T11:31:26.547 24.63 22.56 1218.24 22.95 -0.06 0.34 0.91 -6.56 21.61 -4.21 2.65 0.49 -1.11
2014-5-25T11:31:27.555 24.68 22.56 1225.45 22.95 -0.05 0.33 0.91 -6.29 21.67 -4.06 2.75 0.35 -1.13
2014-5-25T11:31:28.564 24.63 22.56 1225.35 22.95 -0.06 0.33 0.89 -6.29 21.67 -4.06 2.59 0.36 -1.04
2014-5-25T11:31:29.573 24.70 22.56 1225.35 22.95 -0.05 0.34 0.89 -6.41 21.64 -4.21 2.40 0.52 -1.13
2014-5-25T11:31:30.582 24.61 22.56 1225.47 22.95 -0.05 0.33 0.91 -6.41 21.64 -4.21 2.45 0.45 -1.32
2014-5-25T11:31:31.590 24.65 22.56 1225.47 22.95 -0.05 0.34 0.89 -6.29 21.55 -4.46 2.59 0.35 -1.11
2014-5-25T11:31:32.599 24.65 22.56 1225.43 22.95 -0.05 0.34 0.91 -6.29 21.55 -4.46 2.45 0.39 -1.11
2014-5-25T11:31:33.608 24.65 22.56 1218.21 22.95 -0.05 0.34 0.91 -6.38 21.73 -4.30 2.64 0.43 -1.01
2014-5-25T11:31:34.616 24.63 22.56 1218.14 22.95 -0.05 0.33 0.89 -6.38 21.73 -4.30 2.43 0.37 -1.11
2014-5-25T11:31:35.625 24.63 22.56 1203.71 22.95 -0.05 0.33 0.89 -6.44 21.55 -4.24 2.72 0.43 -1.08
2014-5-25T11:31:36.633 24.63 22.56 1203.71 22.95 -0.05 0.34 0.89 -6.44 21.55 -4.24 2.67 0.63 -1.22
2014-5-25T11:31:37.642 24.65 22.56 1203.73 22.95 -0.05 0.33 0.91 -6.44 21.55 -3.78 2.58 0.65 -0.98
2014-5-25T11:31:38.649 24.68 22.56 1218.17 22.95 -0.05 0.31 0.91 -6.44 21.55 -3.78 2.75 0.42 -1.08
2014-5-25T11:31:39.656 24.63 22.56 1218.16 22.95 -0.05 0.33 0.91 -6.38 21.61 -4.43 2.70 0.34 -1.09
2014-5-25T11:31:40.664 24.65 22.56 1210.94 22.95 -0.06 0.33 0.91 -6.38 21.61 -4.43 2.42 0.66 -1.09
2014-5-25T11:31:41.672 24.65 22.56 1211.03 22.95 -0.06 0.33 0.89 -6.32 21.58 -4.21 2.68 0.47 -1.16
2014-5-25T11:31:42.681 24.63 22.56 1247.12 22.95 -0.06 0.33 0.91 -6.32 21.58 -4.21 2.51 0.56 -1.01
2014-5-25T11:31:43.690 24.63 22.56 1247.08 22.95 -0.05 0.34 0.91 -6.26 21.55 -4.21 2.66 0.52 -1.13
2014-5-25T11:31:44.699 24.68 22.56 1218.22 22.95 -0.06 0.33 0.89 -6.26 21.55 -4.21 2.51 0.51 -1.17
2014-5-25T11:31:45.707 24.70 22.56 1218.25 22.95 -0.05 0.33 0.91 -6.16 21.51 -4.39 2.68 0.54 -1.27
2014-5-25T11:31:46.716 24.58 22.56 1225.47 22.95 -0.05 0.33 0.89 -6.16 21.51 -4.39 2.53 0.48 -1.12
2014-5-25T11:31:47.725 24.63 22.56 1225.44 22.95 -0.05 0.33 0.89 -6.20 21.85 -4.15 2.71 0.37 -1.18
2014-5-25T11:31:48.733 24.68 22.56 1239.87 22.95 -0.06 0.34 0.91 -6.20 21.85 -4.15 2.72 0.55 -1.15
2014-5-25T11:31:49.740 24.65 22.56 1239.87 22.95 -0.06 0.33 0.91 -6.38 21.70 -4.18 2.61 0.40 -1.08
2014-5-25T11:31:50.747 24.65 22.56 1203.78 22.95 -0.05 0.33 0.91 -6.38 21.70 -4.18 2.61 0.40 -1.08
2014-5-25T11:31:51.756 24.61 22.56 1203.78 22.95 -0.05 0.34 0.91 -6.38 21.58 -4.36 2.57 0.52 -0.99
2014-5-25T11:31:52.765 24.68 22.56 1203.80 22.95 -0.05 0.34 0.91 -6.38 21.58 -4.36 2.52 0.63 -1.02
2014-5-25T11:31:53.773 24.68 22.56 1218.24 22.95 -0.06 0.33 0.91 -6.29 21.70 -4.55 2.49 0.57 -1.17
2014-5-25T11:31:54.781 24.68 22.56 1218.24 22.95 -0.05 0.34 0.89 -6.29 21.70 -4.55 2.62 0.53 -1.29
2014-5-25T11:31:55.789 24.63 22.56 1211.02 22.95 -0.06 0.34 0.89 -6.29 21.82 -4.06 2.59 0.42 -1.06
2014-5-25T11:31:56.796 24.68 22.56 1211.08 22.95 -0.05 0.34 0.91 -6.29 21.82 -4.06 2.59 0.53 -1.20
2014-5-25T11:31:57.804 24.61 22.56 1211.08 22.95 -0.06 0.34 0.92 -6.29 21.64 -4.24 2.61 0.63 -1.00
2014-5-25T11:31:58.812 24.65 22.56 1211.00 22.95 -0.06 0.33 0.91 -6.29 21.64 -4.24 2.61 0.41 -1.30
2014-5-25T11:31:59.821 24.63 22.56 1182.13 22.95 -0.06 0.34 0.89 -6.53 21.70 -4.52 2.64 0.58 -1.19
2014-5-25T11:32:0.829 24.63 22.56 1182.14 22.95 -0.06 0.34 0.89 -6.26 21.76 -4.12 2.70 0.46 -1.04
2014-5-25T11:32:1.838 24.65 22.56 1189.36 22.95 -0.05 0.33 0.89 -6.26 21.76 -4.12 2.78 0.51 -1.17
2014-5-25T11:32:2.847 24.61 22.56 1189.38 22.95 -0.06 0.34 0.91 -6.35 21.58 -4.12 2.38 0.40 -1.08
2014-5-25T11:32:3.856 24.65 22.56 1196.60 22.95 -0.06 0.33 0.89 -6.35 21.58 -4.12 2.67 0.51 -1.11
2014-5-25T11:32:4.865 24.63 22.56 1196.59 22.95 -0.05 0.34 0.91 -6.47 21.64 -4.21 2.53 0.50 -1.18
2014-5-25T11:32:5.873 24.65 22.56 1189.37 22.95 -0.06 0.33 0.91 -6.47 21.64 -4.21 2.67 0.62 -1.08
2014-5-25T11:32:6.882 24.68 22.56 1189.37 22.95 -0.05 0.33 0.91 -6.23 21.58 -4.30 2.47 0.43 -1.17
2014-5-25T11:32:7.890 24.68 22.56 1189.37 22.95 -0.05 0.33 0.89 -6.23 21.58 -4.30 2.65 0.30 -1.12
2014-5-25T11:32:8.899 24.72 22.56 1189.37 22.95 -0.05 0.33 0.89 -6.29 21.58 -4.52 2.69 0.65 -1.02
2014-5-25T11:32:9.906 24.70 22.56 1189.38 22.95 -0.05 0.34 0.91 -6.29 21.58 -4.52 2.43 0.46 -0.97
2014-5-25T11:32:10.915 24.65 22.56 1196.60 22.95 -0.05 0.34 0.89 -6.35 21.51 -4.27 2.69 0.46 -1.07
2014-5-25T11:32:11.924 24.72 22.56 1196.61 22.95 -0.05 0.34 0.89 -6.35 21.51 -4.27 2.66 0.60 -1.27
2014-5-25T11:32:12.932 24.58 22.56 1203.83 22.95 -0.06 0.33 0.89 -6.38 21.67 -4.06 2.45 0.43 -1.06
2014-5-25T11:32:13.941 24.68 22.56 1203.81 22.95 -0.06 0.34 0.91 -6.38 21.67 -4.06 2.63 0.55 -1.11
2014-5-25T11:32:14.949 24.65 22.56 1189.38 22.95 -0.06 0.33 0.89 -6.32 21.61 -4.79 2.72 0.67 -1.11
2014-5-25T11:32:15.956 24.63 22.56 1189.36 22.95 -0.06 0.33 0.91 -6.32 21.61 -4.79 2.57 0.47 -1.12
2014-5-25T11:32:16.972 24.78 22.59 1203.80 22.95 -0.05 0.34 0.89 -6.47 21.64 -4.73 2.75 0.39 -1.17
2014-5-25T11:32:17.988 24.66 22.59 1203.82 22.95 -0.06 0.34 0.89 -6.47 21.64 -4.73 2.69 0.63 -0.99
2014-5-25T11:32:18.996 24.73 22.59 1211.04 22.95 -0.05 0.34 0.89 -6.32 21.61 -3.88 2.73 0.48 -1.08
2014-5-25T11:32:20.005 24.66 22.59 1211.08 22.95 -0.05 0.34 0.91 -6.32 21.61 -3.88 2.58 0.36 -1.15
2014-5-25T11:32:21.013 24.66 22.59 1211.08 22.95 -0.06 0.34 0.89 -6.41 21.67 -4.09 2.69 0.47 -1.12
2014-5-25T11:32:22.020 24.62 22.59 1196.65 22.95 -0.05 0.34 0.91 -6.41 21.67 -4.09 2.68 0.63 -1.08
2014-5-25T11:32:23.029 24.71 22.59 1196.63 22.95 -0.05 0.34 0.91 -6.26 21.45 -4.15 2.73 0.67 -0.94
2014-5-25T11:32:24.037 24.59 22.59 1196.63 22.95 -0.06 0.34 0.91 -6.26 21.45 -4.15 2.53 0.53 -1.11
2014-5-25T11:32:25.046 24.66 22.59 1196.63 22.95 -0.06 0.34 0.91 -6.35 21.61 -3.72 2.43 0.47 -1.14
2014-5-25T11:32:26.054 24.62 22.59 1182.20 22.95 -0.05 0.34 0.91 -6.35 21.61 -3.72 2.57 0.48 -1.12
2014-5-25T11:32:27.063 24.59 22.59 1182.20 22.95 -0.05 0.33 0.91 -6.41 21.67 -4.15 2.59 0.29 -1.05
2014-5-25T11:32:28.070 24.73 22.59 1211.06 22.95 -0.06 0.34 0.89 -6.41 21.67 -4.15 2.78 0.50 -1.16
2014-5-25T11:32:29.078 24.64 22.59 1211.08 22.95 -0.05 0.34 0.89 -6.47 21.67 -4.30 2.45 0.48 -1.10
2014-5-25T11:32:30.087 24.62 22.59 1203.86 22.95 -0.05 0.34 0.89 -6.47 21.67 -4.30 2.89 0.47 -0.98
2014-5-25T11:32:31.094 24.62 22.59 1203.82 22.95 -0.06 0.33 0.89 -6.47 21.85 -4.27 2.65 0.55 -1.10
2014-5-25T11:32:32.103 24.64 22.59 1203.82 22.95 -0.05 0.33 0.89 -6.47 21.85 -4.27 2.61 0.50 -1.03
2014-5-25T11:32:33.111 24.64 22.59 1203.87 22.95 -0.06 0.34 0.89 -6.29 21.48 -4.06 2.61 0.48 -1.11
2014-5-25T11:32:34.119 24.64 22.59 1203.87 22.95 -0.09 0.28 0.92 -6.29 21.48 -4.06 2.59 0.55 -0.95
2014-5-25T11:32:35.127 24.66 22.59 1203.86 22.95 -0.05 0.34 0.89 -6.32 21.73 -4.33 2.59 0.23 -1.21
2014-5-25T11:32:36.136 24.66 22.59 1203.86 22.95 -0.06 0.31 0.91 -6.32 21.73 -4.33 2.73 0.51 -0.93
2014-5-25T11:32:37.143 24.71 22.59 1218.29 22.95 -0.06 0.34 0.89 -6.32 21.58 -4.21 2.65 0.69 -1.08
2014-5-25T11:32:38.152 24.69 22.59 1218.29 22.95 -0.06 0.34 0.91 -6.32 21.58 -4.21 2.49 0.30 -0.99
2014-5-25T11:32:39.159 24.66 22.59 1225.51 22.95 -0.06 0.34 0.89 -6.32 21.58 -4.33 2.59 0.47 -0.93
2014-5-25T11:32:40.168 24.69 22.59 1225.54 22.95 -0.06 0.34 0.89 -6.32 21.58 -4.33 2.53 0.51 -0.92
2014-5-25T11:32:41.176 24.64 22.59 1196.67 22.95 -0.06 0.34 0.92 -6.20 21.61 -4.67 2.60 0.69 -0.86
2014-5-25T11:32:42.183 24.66 22.59 1196.66 22.95 -0.05 0.34 0.91 -6.20 21.61 -4.67 2.64 0.41 -1.11
2014-5-25T11:32:43.192 24.59 22.59 1203.88 22.95 -0.06 0.34 0.89 -6.50 21.73 -4.52 2.59 0.43 -1.14
2014-5-25T11:32:44.200 24.64 22.59 1203.87 22.95 -0.05 0.34 0.89 -6.50 21.73 -4.52 2.71 0.52 -1.13
2014-5-25T11:32:45.208 24.62 22.59 1218.31 22.95 -0.06 0.33 0.92 -6.62 21.82 -3.85 2.64 0.52 -1.10
2014-5-25T11:32:46.215 24.62 22.59 1218.32 22.95 -0.06 0.33 0.89 -6.62 21.82 -3.85 2.45 0.45 -1.13
2014-5-25T11:32:47.224 24.64 22.59 1196.66 22.95 -0.05 0.33 0.89 -6.47 21.67 -4.33 2.46 0.50 -1.01
2014-5-25T11:32:48.232 24.64 22.59 1196.66 22.95 -0.05 0.34 0.91 -6.47 21.67 -4.33 2.58 0.34 -1.20
2014-5-25T11:32:49.241 24.69 22.59 1211.10 22.95 -0.05 0.33 0.89 -6.44 21.61 -4.49 2.69 0.50 -1.01
2014-5-25T11:32:50.249 24.62 22.59 1211.11 22.95 -0.05 0.34 0.91 -6.44 21.61 -4.49 2.73 0.45 -1.09
2014-5-25T11:32:51.257 24.69 22.59 1211.11 22.95 -0.06 0.34 0.89 -6.38 21.70 -4.43 2.81 0.40 -1.08
2014-5-25T11:32:52.265 24.69 22.59 1218.33 22.95 -0.05 0.34 0.89 -6.38 21.70 -4.43 2.56 0.42 -1.06
2014-5-25T11:32:53.274 24.64 22.59 1218.34 22.95 -0.06 0.33 0.91 -6.47 21.64 -4.58 2.62 0.31 -1.41
2014-5-25T11:32:54.283 24.69 22.59 1182.25 22.95 -0.05 0.33 0.91 -6.47 21.64 -4.58 2.52 0.31 -1.05
2014-5-25T11:32:55.292 24.71 22.59 1182.25 22.95 -0.05 0.33 0.91 -6.56 21.51 -4.09 2.50 0.52 -0.97
2014-5-25T11:32:56.301 24.69 22.59 1211.12 22.95 -0.05 0.34 0.89 -6.56 21.51 -4.09 2.45 0.43 -1.27
2014-5-25T11:32:57.309 24.71 22.59 1211.13 22.95 -0.05 0.34 0.91 -6.41 21.58 -4.49 2.53 0.50 -1.09
2014-5-25T11:32:58.318 24.69 22.59 1203.91 22.95 -0.05 0.34 0.91 -6.41 21.58 -4.49 2.42 0.56 -1.07
2014-5-25T11:32:59.332 24.69 22.59 1203.89 22.95 -0.05 0.31 0.92 -6.50 21.67 -3.72 2.66 0.53 -1.23
2014-5-25T11:33:0.341 24.64 22.59 1196.68 22.95 -0.05 0.34 0.89 -6.50 21.67 -3.72 2.68 0.40 -1.09
2014-5-25T11:33:1.348 24.78 22.59 1196.60 22.95 -0.05 0.33 0.89 -6.41 21.79 -4.06 2.70 0.56 -1.10
2014-5-25T11:33:2.357 24.69 22.59 1196.60 22.95 -0.05 0.31 0.89 -6.41 21.79 -4.06 2.66 0.45 -1.02
2014-5-25T11:33:3.365 24.59 22.59 1196.68 22.95 -0.05 0.34 0.91 -6.29 21.58 -4.09 2.56 0.50 -1.05
2014-5-25T11:33:4.374 24.73 22.59 1182.24 22.95 -0.06 0.34 0.89 -6.29 21.58 -4.09 2.55 0.40 -1.18
2014-5-25T11:33:5.384 24.69 22.59 1182.23 22.95 -0.06 0.33 0.89 -6.32 21.82 -4.00 2.62 0.39 -0.97
2014-5-25T11:33:6.391 24.69 22.59 1182.23 22.95 -0.05 0.33 0.89 -6.32 21.82 -4.00 2.56 0.60 -1.05
2014-5-25T11:33:7.399 24.69 22.59 1182.23 22.95 -0.06 0.33 0.91 -6.47 21.73 -3.97 2.47 0.55 -0.95
2014-5-25T11:33:8.407 24.71 22.59 1182.26 22.95 -0.05 0.34 0.89 -6.47 21.73 -3.97 2.47 0.43 -1.10
2014-5-25T11:33:9.415 24.66 22.59 1189.48 22.95 -0.06 0.34 0.91 -6.41 21.76 -4.49 2.66 0.45 -1.11
2014-5-25T11:33:10.424 24.62 22.59 1189.47 22.95 -0.06 0.33 0.89 -6.41 21.76 -4.49 2.58 0.69 -0.97
2014-5-25T11:33:11.432 24.64 22.59 1203.90 22.95 -0.05 0.33 0.91 -6.38 21.70 -4.27 2.63 0.43 -1.01
2014-5-25T11:33:12.440 24.71 22.59 1203.87 22.95 -0.05 0.34 0.91 -6.38 21.70 -4.27 2.65 0.37 -1.05
2014-5-25T11:33:13.458 24.72 22.63 1196.66 22.95 -0.06 0.33 0.89 -6.41 21.82 -4.21 2.94 0.34 -1.11
2014-5-25T11:33:14.467 24.67 22.63 1196.68 22.95 -0.05 0.33 0.89 -6.41 21.82 -4.21 2.73 0.52 -1.27
2014-5-25T11:33:15.476 24.62 22.59 1196.68 22.95 -0.05 0.33 0.91 -6.29 21.58 -4.00 2.67 0.47 -1.05
2014-5-25T11:33:16.485 24.70 22.63 1196.66 22.95 -0.06 0.31 0.89 -6.29 21.58 -4.00 2.65 0.40 -1.16
2014-5-25T11:33:17.493 24.67 22.63 1175.01 22.95 -0.05 0.33 0.91 -6.23 21.55 -4.79 2.58 0.53 -1.01
2014-5-25T11:33:18.511 24.79 22.63 1175.03 22.95 -0.06 0.34 0.91 -6.23 21.55 -4.79 2.59 0.50 -1.09
2014-5-25T11:33:19.519 24.70 22.63 1189.47 23.03 -0.05 0.33 0.89 -6.41 21.73 -4.12 2.69 0.67 -0.90
2014-5-25T11:33:20.527 24.70 22.63 1189.50 22.95 -0.05 0.34 0.89 -6.41 21.73 -4.12 2.69 0.54 -1.02
2014-5-25T11:33:21.540 24.70 22.63 1189.50 22.95 -0.05 0.33 0.91 -6.50 21.70 -4.39 2.71 0.30 -1.13
2014-5-25T11:33:22.549 24.67 22.63 1189.50 23.03 -0.06 0.33 0.89 -6.50 21.70 -4.39 2.86 0.31 -1.04
2014-5-25T11:33:23.558 24.70 22.63 1189.48 22.95 -0.06 0.33 0.89 -6.47 21.67 -4.33 2.59 0.45 -0.95
2014-5-25T11:33:24.567 24.72 22.63 1182.26 22.95 -0.06 0.33 0.91 -6.47 21.67 -4.33 2.87 0.45 -1.03
2014-5-25T11:33:25.576 24.60 22.63 1182.24 22.95 -0.06 0.34 0.89 -6.32 21.70 -4.12 2.76 0.52 -1.07
2014-5-25T11:33:26.585 24.67 22.63 1182.24 22.95 -0.05 0.34 0.89 -6.32 21.70 -4.12 2.77 0.56 -1.15
2014-5-25T11:33:27.593 24.70 22.63 1182.26 23.03 -0.06 0.33 0.89 -6.29 21.82 -4.24 2.59 0.56 -1.21
2014-5-25T11:33:28.602 24.67 22.63 1182.26 23.03 -0.06 0.33 0.89 -6.29 21.82 -4.24 2.69 0.55 -1.08
2014-5-25T11:33:29.611 24.70 22.63 1182.28 23.03 -0.06 0.31 0.91 -6.41 21.67 -4.52 2.57 0.44 -0.78
2014-5-25T11:33:30.620 24.79 22.63 1203.93 23.03 -0.05 0.33 0.91 -6.41 21.67 -4.52 2.60 0.49 -1.07
2014-5-25T11:33:31.628 24.70 22.63 1203.93 23.03 -0.08 0.33 0.89 -6.44 21.82 -4.12 2.64 0.51 -1.14
2014-5-25T11:33:32.636 24.70 22.63 1196.71 23.03 -0.06 0.30 0.89 -6.44 21.82 -4.12 2.53 0.61 -1.17
2014-5-25T11:33:33.645 24.65 22.63 1196.84 23.03 -0.06 0.33 0.89 -6.26 21.76 -4.03 2.58 0.49 -0.87
2014-5-25T11:33:34.653 24.65 22.63 1204.06 23.03 -0.06 0.34 0.89 -6.26 21.76 -4.03 2.61 0.38 -1.01
2014-5-25T11:33:35.662 24.72 22.63 1203.92 23.03 -0.05 0.33 0.91 -6.32 21.67 -4.06 2.56 0.37 -0.90
2014-5-25T11:33:36.670 24.70 22.63 1175.05 23.03 -0.05 0.34 0.89 -6.32 21.67 -4.06 2.46 0.50 -1.11
2014-5-25T11:33:37.677 24.74 22.63 1175.07 23.03 -0.06 0.33 0.91 -6.20 21.51 -5.13 2.46 0.66 -1.05
2014-5-25T11:33:38.686 24.72 22.63 1175.07 23.03 -0.06 0.30 0.89 -6.20 21.51 -5.13 2.76 0.45 -1.28
2014-5-25T11:33:39.695 24.67 22.63 1182.29 23.03 -0.05 0.33 0.89 -6.29 21.48 -3.97 2.59 0.47 -0.98
2014-5-25T11:33:40.703 24.70 22.63 1182.24 23.03 -0.06 0.34 0.89 -6.29 21.48 -3.97 2.55 0.47 -0.92
2014-5-25T11:33:41.712 24.72 22.63 1175.03 23.03 -0.06 0.33 0.91 -6.53 21.67 -4.15 2.58 0.41 -1.15
2014-5-25T11:33:42.720 24.72 22.63 1175.09 23.03 -0.05 0.34 0.89 -6.53 21.67 -4.15 2.72 0.53 -1.25
2014-5-25T11:33:43.727 24.72 22.63 1167.88 23.03 -0.05 0.33 0.91 -6.38 21.76 -4.58 2.53 0.47 -0.87
2014-5-25T11:33:44.734 24.74 22.63 1167.82 23.03 -0.05 0.33 0.89 -6.38 21.76 -4.58 2.50 0.38 -1.04
2014-5-25T11:33:45.742 24.70 22.63 1182.26 23.03 -0.05 0.33 0.89 -6.35 21.55 -4.55 2.42 0.50 -1.30
2014-5-25T11:33:46.750 24.70 22.63 1182.31 23.03 -0.06 0.31 0.89 -6.35 21.55 -4.55 2.64 0.53 -0.98
2014-5-25T11:33:47.758 24.67 22.63 1160.66 23.03 -0.05 0.34 0.89 -6.20 21.67 -4.46 2.53 0.56 -1.05
2014-5-25T11:33:48.767 24.74 22.63 1160.65 23.03 -0.05 0.34 0.91 -6.20 21.67 -4.46 2.53 0.56 -1.05
2014-5-25T11:33:49.776 24.63 22.63 1189.52 23.03 -0.05 0.33 0.91 -6.35 21.76 -4.09 2.65 0.37 -1.05
2014-5-25T11:33:50.785 24.72 22.63 1189.51 23.03 -0.06 0.34 0.89 -6.35 21.76 -4.09 2.51 0.53 -1.05
2014-5-25T11:33:51.793 24.77 22.63 1189.51 23.03 -0.05 0.34 0.91 -6.29 21.64 -4.00 2.60 0.31 -0.92
2014-5-25T11:33:52.800 24.70 22.63 1189.51 23.03 -0.05 0.33 0.91 -6.29 21.64 -4.00 2.70 0.32 -1.13
2014-5-25T11:33:53.808 24.67 22.63 1189.54 23.03 -0.05 0.31 0.91 -6.35 21.88 -4.91 2.59 0.38 -1.00
2014-5-25T11:33:54.817 24.67 22.63 1182.33 23.03 -0.05 0.34 0.91 -6.35 21.88 -4.91 2.51 0.50 -0.94
2014-5-25T11:33:55.825 24.60 22.63 1182.30 23.03 -0.05 0.33 0.91 -6.38 21.85 -4.36 2.57 0.60 -1.05
2014-5-25T11:33:56.834 24.67 22.63 1203.95 23.03 -0.06 0.33 0.91 -6.38 21.85 -4.36 2.47 0.45 -1.18
2014-5-25T11:33:57.843 24.65 22.63 1203.93 23.03 -0.05 0.33 0.91 -6.41 21.76 -4.00 2.61 0.37 -0.96
2014-5-25T11:33:58.850 24.65 22.63 1160.63 23.03 -0.06 0.33 0.91 -6.38 21.91 -3.85 2.58 0.33 -1.17
2014-5-25T11:33:59.858 24.74 22.63 1160.67 23.03 -0.05 0.33 0.91 -6.38 21.91 -3.85 2.81 0.54 -1.18
2014-5-25T11:34:0.866 24.67 22.63 1175.10 23.03 -0.06 0.31 0.89 -6.41 21.82 -4.64 2.65 0.48 -0.95
2014-5-25T11:34:1.875 24.65 22.63 1175.07 23.03 -0.05 0.33 0.91 -6.41 21.82 -4.64 2.75 0.43 -1.08
2014-5-25T11:34:2.884 24.60 22.63 1189.51 23.03 -0.08 0.33 0.88 -6.29 21.76 -4.39 2.62 0.45 -1.12
2014-5-25T11:34:3.893 24.65 22.63 1189.54 23.03 -0.05 0.33 0.91 -6.29 21.76 -4.39 2.36 0.46 -0.93
2014-5-25T11:34:4.901 24.72 22.63 1189.54 23.03 -0.05 0.34 0.89 -6.38 21.79 -3.63 2.74 0.39 -1.17
2014-5-25T11:34:5.908 24.70 22.63 1189.50 23.03 -0.05 0.34 0.91 -6.38 21.79 -3.63 2.58 0.53 -1.01
2014-5-25T11:34:6.917 24.67 22.63 1211.15 23.03 -0.06 0.31 0.91 -6.26 21.79 -3.91 2.73 0.34 -0.95
2014-5-25T11:34:7.926 24.65 22.63 1211.15 23.03 -0.06 0.34 0.91 -6.26 21.79 -3.91 2.69 0.66 -0.92
2014-5-25T11:34:8.934 24.72 22.63 1211.21 23.03 -0.05 0.34 0.89 -6.20 21.79 -4.85 2.53 0.50 -1.01
2014-5-25T11:34:9.941 24.70 22.63 1203.99 23.03 -0.05 0.33 0.91 -6.20 21.79 -4.85 2.74 0.50 -1.14
2014-5-25T11:34:10.957 24.67 22.63 1203.94 23.03 -0.06 0.33 0.89 -6.56 21.79 -4.21 2.73 0.32 -1.10
2014-5-25T11:34:11.966 24.70 22.63 1175.07 23.03 -0.05 0.34 0.91 -6.56 21.79 -4.21 2.72 0.54 -0.98
2014-5-25T11:34:12.973 24.67 22.63 1175.08 23.03 -0.06 0.33 0.91 -6.35 21.55 -4.33 2.60 0.56 -1.14
2014-5-25T11:34:13.982 24.67 22.63 1160.65 23.03 -0.05 0.34 0.91 -6.35 21.55 -4.33 2.77 0.47 -1.08
2014-5-25T11:34:14.990 24.65 22.63 1160.67 23.03 -0.05 0.34 0.89 -6.20 21.73 -4.55 2.78 0.41 -1.04
2014-5-25T11:34:15.997 24.72 22.63 1182.33 23.03 -0.06 0.33 0.91 -6.20 21.73 -4.55 2.69 0.55 -1.19
2014-5-25T11:34:17.004 24.67 22.63 1182.31 23.03 -0.05 0.33 0.91 -6.29 21.79 -4.49 2.75 0.48 -0.95
2014-5-25T11:34:18.013 24.65 22.63 1167.88 23.03 -0.06 0.34 0.89 -6.29 21.79 -4.49 2.60 0.57 -1.08
2014-5-25T11:34:19.021 24.70 22.63 1167.88 23.03 -0.05 0.33 0.89 -6.35 21.58 -4.36 2.54 0.37 -1.17
2014-5-25T11:34:20.028 24.65 22.63 1189.54 23.03 -0.06 0.36 0.91 -6.35 21.58 -4.36 2.53 0.67 -0.99
2014-5-25T11:34:21.043 24.74 22.63 1189.59 23.03 -0.06 0.33 0.91 -6.29 21.70 -4.61 2.69 0.45 -1.19
2014-5-25T11:34:22.050 24.73 22.66 1167.94 23.03 -0.05 0.34 0.89 -6.29 21.70 -4.61 2.85 0.61 -1.14
2014-5-25T11:34:23.059 24.68 22.66 1167.94 23.03 -0.05 0.34 0.89 -6.44 21.85 -3.94 2.53 0.47 -1.04
2014-5-25T11:34:24.067 24.71 22.66 1167.92 23.03 -0.05 0.34 0.91 -6.44 21.85 -3.94 2.74 0.53 -0.95
2014-5-25T11:34:25.075 24.73 22.66 1182.35 23.03 -0.06 0.33 0.91 -6.20 21.58 -4.36 2.57 0.34 -1.21
2014-5-25T11:34:26.082 24.71 22.66 1182.35 23.03 -0.05 0.34 0.89 -6.20 21.58 -4.36 2.67 0.63 -1.21
2014-5-25T11:34:27.090 24.73 22.66 1182.35 23.03 -0.06 0.33 0.89 -6.32 21.73 -3.85 2.84 0.48 -0.97
2014-5-25T11:34:28.099 24.71 22.66 1182.33 23.03 -0.06 0.33 0.91 -6.32 21.73 -3.85 2.49 0.47 -1.20
2014-5-25T11:34:29.107 24.75 22.66 1203.99 23.03 -0.05 0.33 0.89 -6.13 21.85 -4.30 2.69 0.47 -1.32
2014-5-25T11:34:30.116 24.73 22.66 1203.99 23.03 -0.05 0.34 0.89 -6.13 21.85 -4.30 2.54 0.51 -1.06
2014-5-25T11:34:31.125 24.71 22.66 1182.34 23.03 -0.06 0.34 0.88 -6.44 21.67 -4.30 2.64 0.45 -1.16
2014-5-25T11:34:32.132 24.80 22.66 1182.34 23.03 -0.06 0.33 0.92 -6.44 21.67 -4.30 2.74 0.61 -1.08
2014-5-25T11:34:33.139 24.75 22.66 1182.34 23.03 -0.06 0.34 0.91 -6.35 21.82 -4.24 2.56 0.50 -1.07
2014-5-25T11:34:34.147 24.66 22.66 1182.40 23.03 -0.05 0.33 0.89 -6.35 21.82 -4.24 2.58 0.45 -1.01
2014-5-25T11:34:35.155 24.73 22.66 1189.62 23.03 -0.05 0.36 0.89 -6.20 21.70 -4.12 2.66 0.73 -1.05
2014-5-25T11:34:36.164 24.75 22.66 1189.58 23.03 -0.06 0.33 0.91 -6.20 21.70 -4.12 2.45 0.29 -1.07
2014-5-25T11:34:37.172 24.71 22.66 1189.58 23.03 -0.05 0.33 0.91 -6.38 21.67 -4.55 2.64 0.37 -1.14
2014-5-25T11:34:38.179 24.75 22.66 1189.58 23.03 -0.05 0.33 0.89 -6.38 21.67 -4.55 2.72 0.51 -1.07
2014-5-25T11:34:39.188 24.68 22.66 1189.59 23.03 -0.05 0.33 0.91 -6.56 21.64 -4.52 2.65 0.37 -0.95
2014-5-25T11:34:40.195 24.75 22.66 1182.37 23.03 -0.05 0.33 0.88 -6.56 21.64 -4.52 2.72 0.33 -0.99
2014-5-25T11:34:41.205 24.75 22.66 1182.36 23.03 -0.05 0.34 0.89 -6.35 21.70 -4.46 2.82 0.41 -1.22
2014-5-25T11:34:42.213 24.75 22.66 1182.36 23.03 -0.05 0.33 0.89 -6.35 21.70 -4.46 2.57 0.45 -1.20
2014-5-25T11:34:43.221 24.78 22.66 1182.38 23.03 -0.05 0.34 0.88 -6.35 21.51 -4.03 2.71 0.42 -1.24
2014-5-25T11:34:44.229 24.75 22.66 1167.95 23.03 -0.06 0.34 0.89 -6.35 21.51 -4.03 2.85 0.34 -1.21
2014-5-25T11:34:45.236 24.75 22.66 1167.92 23.03 -0.06 0.33 0.89 -6.62 21.64 -4.15 2.50 0.42 -0.87
2014-5-25T11:34:46.244 24.78 22.66 1182.35 23.03 -0.06 0.33 0.89 -6.62 21.64 -4.15 2.79 0.41 -0.86
2014-5-25T11:34:47.252 24.71 22.66 1182.39 23.03 -0.05 0.33 0.91 -6.41 21.64 -5.00 2.56 0.40 -0.98
2014-5-25T11:34:48.261 24.75 22.66 1189.61 23.03 -0.05 0.34 0.91 -6.41 21.64 -5.00 2.62 0.49 -0.84
2014-5-25T11:34:49.268 24.71 22.66 1189.57 23.03 -0.06 0.33 0.89 -6.65 21.64 -4.18 2.72 0.50 -1.05
2014-5-25T11:34:50.277 24.71 22.66 1175.14 23.03 -0.05 0.34 0.91 -6.65 21.64 -4.18 2.59 0.42 -0.97
2014-5-25T11:34:51.286 24.73 22.66 1175.17 23.03 -0.05 0.33 0.91 -6.50 21.76 -4.64 2.57 0.31 -1.10
2014-5-25T11:34:52.294 24.73 22.66 1182.39 23.03 -0.06 0.34 0.89 -6.50 21.76 -4.64 2.58 0.46 -1.21
2014-5-25T11:34:53.303 24.71 22.66 1182.39 23.03 -0.06 0.33 0.89 -6.41 21.85 -4.24 2.68 0.43 -1.05
2014-5-25T11:34:54.311 24.75 22.66 1182.37 23.03 -0.06 0.33 0.89 -6.41 21.85 -4.24 2.52 0.50 -0.93
2014-5-25T11:34:55.319 24.73 22.66 1146.28 23.03 -0.05 0.33 0.89 -6.41 21.88 -4.18 2.66 0.53 -1.17
2014-5-25T11:34:56.328 24.78 22.66 1146.32 23.03 -0.06 0.33 0.91 -6.41 21.88 -4.18 2.49 0.49 -1.14
2014-5-25T11:34:57.337 24.71 22.66 1160.76 23.03 -0.06 0.33 0.89 -6.50 21.79 -4.43 2.75 0.43 -1.11
2014-5-25T11:34:58.345 24.78 22.66 1160.73 23.03 -0.05 0.36 0.91 -6.50 21.79 -4.43 2.70 0.37 -1.14
2014-5-25T11:34:59.355 24.71 22.66 1167.95 23.03 -0.06 0.33 0.89 -6.50 21.70 -4.49 2.62 0.35 -0.95
2014-5-25T11:35:0.364 24.75 22.66 1167.95 23.03 -0.05 0.34 0.91 -6.50 21.70 -4.49 2.69 0.40 -1.13
2014-5-25T11:35:1.373 24.73 22.66 1189.60 23.03 -0.05 0.31 0.91 -6.35 21.88 -4.55 2.62 0.46 -1.01
2014-5-25T11:35:2.381 24.73 22.66 1189.58 23.03 -0.05 0.33 0.89 -6.35 21.88 -4.55 2.49 0.50 -1.15
2014-5-25T11:35:3.388 24.73 22.66 1153.49 23.03 -0.05 0.34 0.89 -6.32 21.73 -4.79 2.71 0.44 -1.05
2014-5-25T11:35:4.396 24.78 22.66 1153.52 23.03 -0.05 0.31 0.89 -6.32 21.73 -4.79 2.75 0.56 -0.95
2014-5-25T11:35:5.404 24.75 22.66 1167.96 23.03 -0.06 0.33 0.91 -6.29 21.88 -4.33 2.49 0.38 -0.98
2014-5-25T11:35:6.412 24.73 22.66 1167.95 23.03 -0.06 0.33 0.89 -6.29 21.88 -4.33 2.51 0.43 -1.39
2014-5-25T11:35:7.420 24.73 22.66 1175.17 23.03 -0.05 0.34 0.91 -6.32 21.70 -4.55 2.82 0.45 -1.06
2014-5-25T11:35:8.429 24.78 22.66 1175.17 23.03 -0.05 0.34 0.89 -6.32 21.70 -4.55 2.66 0.29 -1.09
2014-5-25T11:35:9.437 24.80 22.66 1175.19 23.03 -0.06 0.34 0.91 -6.50 21.70 -4.27 2.71 0.63 -1.37
2014-5-25T11:35:10.446 24.73 22.66 1182.41 23.03 -0.05 0.33 0.89 -6.50 21.70 -4.27 2.52 0.31 -1.12
2014-5-25T11:35:11.455 24.64 22.66 1182.34 23.03 -0.05 0.34 0.89 -6.16 21.58 -4.06 2.59 0.51 -1.07
2014-5-25T11:35:12.463 24.75 22.66 1167.90 23.03 -0.05 0.34 0.91 -6.16 21.58 -4.06 2.75 0.36 -1.17
2014-5-25T11:35:13.481 24.68 22.66 1167.97 23.03 -0.06 0.33 0.91 -6.41 21.76 -3.85 2.74 0.50 -1.08
2014-5-25T11:35:14.489 24.73 22.66 1182.41 23.03 -0.05 0.33 0.89 -6.41 21.76 -3.85 2.66 0.46 -1.05
2014-5-25T11:35:15.498 24.75 22.66 1182.39 23.03 -0.06 0.33 0.89 -6.47 21.79 -4.18 2.64 0.65 -0.92
2014-5-25T11:35:16.506 24.71 22.66 1153.52 23.03 -0.05 0.33 0.91 -6.47 21.79 -4.18 2.88 0.61 -1.07
2014-5-25T11:35:17.515 24.78 22.66 1153.54 23.03 -0.05 0.34 0.89 -6.29 21.64 -4.12 2.71 0.60 -1.16
2014-5-25T11:35:18.531 24.73 22.66 1175.19 23.03 -0.05 0.33 0.89 -6.29 21.64 -4.12 2.78 0.69 -1.23
2014-5-25T11:35:19.540 24.71 22.66 1175.12 23.03 -0.06 0.33 0.89 -6.20 21.55 -3.97 2.63 0.47 -1.19
2014-5-25T11:35:20.548 24.75 22.66 1153.47 23.03 -0.06 0.34 0.91 -6.20 21.55 -3.97 2.56 0.46 -1.05
2014-5-25T11:35:21.556 24.75 22.66 1153.50 23.03 -0.06 0.33 0.91 -6.23 21.67 -4.73 2.73 0.51 -1.17
2014-5-25T11:35:22.565 24.71 22.66 1146.28 23.03 -0.05 0.34 0.89 -6.23 21.67 -4.73 2.54 0.66 -0.87
2014-5-25T11:35:23.572 24.85 22.66 1146.28 23.03 -0.06 0.34 0.89 -6.41 21.67 -4.43 2.76 0.31 -1.05
2014-5-25T11:35:24.581 24.73 22.66 1146.32 23.13 -0.06 0.34 0.89 -6.41 21.67 -4.43 2.58 0.55 -1.05
2014-5-25T11:35:25.588 24.80 22.66 1175.19 23.13 -0.06 0.33 0.91 -6.41 21.82 -4.15 2.69 0.43 -1.18
2014-5-25T11:35:26.596 24.78 22.66 1175.18 23.03 -0.06 0.33 0.89 -6.41 21.82 -4.15 2.69 0.40 -1.25
2014-5-25T11:35:27.605 24.68 22.66 1160.74 23.03 -0.05 0.33 0.89 -6.29 21.48 -4.43 2.66 0.56 -1.05
2014-5-25T11:35:28.613 24.75 22.66 1160.72 23.03 -0.05 0.33 0.91 -6.29 21.48 -4.43 2.78 0.45 -1.11
2014-5-25T11:35:29.621 24.78 22.66 1167.94 23.13 -0.05 0.36 0.89 -6.29 21.70 -4.94 2.50 0.67 -1.17
2014-5-25T11:35:30.629 24.73 22.66 1167.99 23.03 -0.05 0.33 0.91 -6.29 21.70 -4.94 2.51 0.55 -0.98
2014-5-25T11:35:31.638 24.68 22.66 1153.55 23.03 -0.06 0.34 0.89 -6.26 21.55 -4.09 2.59 0.31 -1.19
2014-5-25T11:35:32.647 24.73 22.66 1153.52 23.03 -0.05 0.33 0.89 -6.26 21.55 -4.09 2.73 0.53 -1.09
2014-5-25T11:35:33.656 24.71 22.66 1182.39 23.03 -0.05 0.33 0.91 -6.29 21.64 -4.46 2.66 0.49 -1.06
2014-5-25T11:35:34.665 24.75 22.66 1182.42 23.13 -0.05 0.34 0.89 -6.29 21.64 -4.46 2.85 0.36 -1.19
2014-5-25T11:35:35.673 24.71 22.66 1153.54 23.03 -0.06 0.34 0.91 -6.32 21.73 -4.58 2.66 0.34 -1.11
2014-5-25T11:35:36.682 24.78 22.66 1153.56 23.03 -0.06 0.34 0.89 -6.32 21.73 -4.58 2.82 0.42 -0.93
2014-5-25T11:35:37.691 24.75 22.66 1182.43 23.13 -0.08 0.34 0.89 -6.23 21.76 -4.52 2.66 0.42 -1.21
2014-5-25T11:35:38.699 24.78 22.66 1182.43 23.03 -0.05 0.33 0.91 -6.23 21.76 -4.52 2.59 0.56 -1.11
2014-5-25T11:35:39.708 24.75 22.66 1182.36 23.13 -0.05 0.34 0.91 -6.44 21.82 -4.06 2.66 0.52 -1.14
2014-5-25T11:35:40.715 24.71 22.66 1167.92 23.03 -0.05 0.36 0.89 -6.44 21.82 -4.06 2.59 0.37 -0.95
2014-5-25T11:35:41.724 24.73 22.66 1167.95 23.13 -0.05 0.34 0.91 -6.29 21.91 -4.06 2.71 0.49 -0.98
2014-5-25T11:35:42.733 24.64 22.66 1167.95 23.03 -0.05 0.34 0.89 -6.29 21.91 -4.06 2.76 0.66 -1.08
2014-5-25T11:35:43.741 24.73 22.66 1167.96 23.13 -0.06 0.33 0.89 -6.35 21.73 -4.03 2.78 0.52 -1.14
2014-5-25T11:35:44.750 24.66 22.66 1160.74 23.03 -0.06 0.34 0.91 -6.35 21.73 -4.03 2.69 0.31 -1.06
2014-5-25T11:35:45.758 24.68 22.66 1160.73 23.13 -0.06 0.33 0.89 -6.41 21.76 -4.24 2.78 0.47 -0.98
2014-5-25T11:35:46.768 24.72 22.69 1153.52 23.13 -0.06 0.33 0.89 -6.41 21.76 -4.24 2.70 0.68 -1.03
2014-5-25T11:35:47.776 24.76 22.69 1153.53 23.13 -0.05 0.33 0.89 -6.41 21.88 -4.67 2.64 0.43 -1.03
2014-5-25T11:35:48.783 24.69 22.69 1160.75 23.13 -0.06 0.33 0.91 -6.38 21.73 -4.36 2.50 0.31 -0.98
2014-5-25T11:35:49.790 24.74 22.69 1160.75 23.13 -0.05 0.34 0.89 -6.38 21.73 -4.36 2.50 0.31 -0.98
2014-5-25T11:35:50.797 24.69 22.69 1182.41 23.13 -0.05 0.33 0.91 -6.38 21.73 -4.36 2.65 0.44 -0.96
2014-5-25T11:35:51.805 24.79 22.69 1182.38 23.13 -0.05 0.33 0.89 -6.44 21.61 -4.58 2.85 0.31 -0.92
2014-5-25T11:35:52.813 24.72 22.69 1146.29 23.13 -0.05 0.33 0.89 -6.50 21.79 -4.12 2.58 0.45 -1.17
2014-5-25T11:35:53.821 24.72 22.69 1146.29 23.13 -0.06 0.34 0.89 -6.50 21.79 -4.12 2.58 0.45 -1.17
2014-5-25T11:35:54.828 24.72 22.69 1146.30 23.13 -0.05 0.34 0.89 -6.50 21.79 -4.12 2.66 0.47 -1.08
2014-5-25T11:35:55.839 24.72 22.69 1167.96 23.13 -0.05 0.34 0.91 -6.47 21.73 -4.61 2.59 0.34 -1.09
2014-5-25T11:35:56.846 24.81 22.69 1167.97 23.13 -0.06 0.33 0.89 -6.44 21.58 -4.73 2.64 0.56 -1.11
2014-5-25T11:35:57.854 24.69 22.69 1153.54 23.13 -0.05 0.33 0.91 -6.44 21.58 -4.73 2.50 0.40 -1.34
2014-5-25T11:35:58.863 24.79 22.69 1153.54 23.03 -0.05 0.33 0.91 -6.32 21.55 -4.43 2.62 0.59 -1.17
2014-5-25T11:35:59.870 24.74 22.69 1182.42 23.13 -0.05 0.33 0.89 -6.32 21.55 -4.43 2.60 0.50 -1.21
2014-5-25T11:36:0.879 24.74 22.69 1182.39 23.13 -0.03 0.34 0.89 -6.59 21.73 -5.07 2.69 0.41 -1.20
2014-5-25T11:36:1.888 24.81 22.69 1146.30 23.13 -0.05 0.34 0.91 -6.59 21.73 -5.07 2.43 0.34 -1.12
2014-5-25T11:36:2.896 24.74 22.69 1146.31 23.13 -0.06 0.33 0.89 -6.32 21.51 -4.70 2.83 0.45 -1.11
2014-5-25T11:36:3.903 24.76 22.69 1160.75 23.13 -0.05 0.36 0.89 -6.32 21.51 -4.70 2.56 0.51 -1.34
2014-5-25T11:36:4.913 24.74 22.69 1160.74 23.13 -0.05 0.33 0.89 -6.50 21.67 -4.91 2.59 0.68 -1.00
2014-5-25T11:36:5.921 24.74 22.69 1153.52 23.13 -0.05 0.33 0.89 -6.50 21.67 -4.91 2.71 0.54 -1.17
2014-5-25T11:36:6.928 24.79 22.69 1153.55 23.13 -0.05 0.36 0.91 -6.32 21.70 -4.30 2.60 0.45 -0.95
2014-5-25T11:36:7.937 24.81 22.69 1153.55 23.13 -0.06 0.34 0.91 -6.32 21.70 -4.30 2.68 0.60 -1.02
2014-5-25T11:36:8.951 24.72 22.69 1153.55 23.13 -0.05 0.33 0.89 -6.32 21.64 -4.39 2.58 0.45 -1.25
2014-5-25T11:36:9.962 24.81 22.69 1153.52 23.13 -0.05 0.31 0.89 -6.32 21.64 -4.39 2.62 0.64 -1.05
2014-5-25T11:36:10.980 24.74 22.69 1153.52 23.13 -0.06 0.34 0.91 -6.44 21.70 -4.49 2.62 0.45 -1.04
2014-5-25T11:36:11.992 24.76 22.69 1153.56 23.13 -0.06 0.33 0.89 -6.44 21.70 -4.49 2.61 0.35 -0.98
2014-5-25T11:36:13.009 24.76 22.69 1146.34 23.13 -0.05 0.34 0.89 -6.23 21.67 -4.61 2.65 0.43 -1.05
2014-5-25T11:36:14.018 24.76 22.69 1146.31 23.13 -0.03 0.36 0.89 -6.23 21.67 -4.61 2.59 0.52 -1.03
2014-5-25T11:36:15.025 24.74 22.69 1131.87 23.13 -0.06 0.34 0.89 -6.41 21.70 -4.43 2.63 0.56 -1.11
2014-5-25T11:36:16.034 24.76 22.69 1131.90 23.13 -0.06 0.34 0.91 -6.41 21.70 -4.43 2.67 0.56 -1.01
2014-5-25T11:36:17.042 24.76 22.69 1160.77 23.13 -0.05 0.33 0.89 -6.41 21.67 -4.00 2.78 0.56 -1.24
2014-5-25T11:36:18.049 24.79 22.69 1160.77 23.13 -0.06 0.33 0.89 -6.41 21.67 -4.00 2.61 0.58 -0.84
2014-5-25T11:36:19.058 24.86 22.69 1153.56 23.13 -0.06 0.33 0.91 -6.41 21.70 -3.88 2.60 0.62 -1.05
2014-5-25T11:36:20.066 24.79 22.69 1153.57 23.13 -0.05 0.36 0.91 -6.41 21.70 -3.88 2.79 0.41 -1.03
2014-5-25T11:36:21.075 24.74 22.69 1139.13 23.13 -0.06 0.33 0.89 -6.44 21.76 -4.33 2.75 0.58 -1.11
2014-5-25T11:36:22.082 24.81 22.69 1139.12 23.13 -0.05 0.34 0.89 -6.44 21.76 -4.33 2.56 0.47 -1.42
2014-5-25T11:36:23.090 24.74 22.69 1139.12 23.13 -0.05 0.33 0.91 -6.47 21.70 -3.72 2.67 0.42 -1.01
2014-5-25T11:36:24.105 24.83 22.69 1139.12 23.13 -0.05 0.33 0.92 -6.47 21.70 -3.72 2.47 0.37 -1.12
2014-5-25T11:36:25.114 24.83 22.69 1139.20 23.13 -0.05 0.31 0.89 -6.35 21.73 -4.24 2.62 0.46 -1.22
2014-5-25T11:36:26.123 24.76 22.69 1168.07 23.13 -0.05 0.33 0.91 -6.35 21.73 -4.24 2.71 0.50 -0.90
2014-5-25T11:36:27.132 24.79 22.69 1167.96 23.13 -0.08 0.34 0.89 -6.59 21.61 -4.55 2.63 0.47 -1.07
2014-5-25T11:36:28.141 24.72 22.69 1167.96 23.13 -0.06 0.34 0.89 -6.59 21.61 -4.55 2.52 0.36 -1.05
2014-5-25T11:36:29.149 24.79 22.69 1168.01 23.13 -0.06 0.33 0.89 -6.26 21.67 -4.33 2.72 0.52 -0.92
2014-5-25T11:36:30.158 24.79 22.69 1117.48 23.13 -0.05 0.33 0.89 -6.26 21.67 -4.33 2.80 0.62 -1.32
2014-5-25T11:36:31.166 24.72 22.69 1117.46 23.13 -0.05 0.33 0.89 -6.26 21.48 -4.21 2.76 0.28 -0.92
2014-5-25T11:36:32.174 24.79 22.69 1131.89 23.13 -0.05 0.33 0.88 -6.26 21.48 -4.21 2.69 0.50 -1.02
2014-5-25T11:36:33.183 24.76 22.69 1131.85 23.13 -0.06 0.34 0.91 -6.50 21.76 -4.52 2.62 0.34 -1.04
2014-5-25T11:36:34.190 24.69 22.69 1139.07 23.13 -0.05 0.33 0.89 -6.50 21.76 -4.52 2.47 0.47 -1.17
2014-5-25T11:36:35.199 24.76 22.69 1139.13 23.13 -0.06 0.34 0.91 -6.44 21.64 -4.36 2.53 0.53 -1.10
2014-5-25T11:36:36.208 24.74 22.69 1153.57 23.13 -0.06 0.33 0.91 -6.44 21.64 -4.36 2.66 0.34 -1.11
2014-5-25T11:36:37.216 24.67 22.69 1153.60 23.13 -0.05 0.33 0.91 -6.62 21.67 -3.97 2.73 0.47 -0.98
2014-5-25T11:36:38.225 24.83 22.69 1168.03 23.13 -0.05 0.36 0.89 -6.62 21.67 -3.97 2.53 0.43 -0.97
2014-5-25T11:36:39.233 24.76 22.69 1168.03 23.13 -0.06 0.34 0.91 -6.35 21.70 -4.00 2.63 0.56 -1.14
2014-5-25T11:36:40.241 24.76 22.69 1167.95 23.13 -0.06 0.34 0.89 -6.35 21.70 -4.00 2.62 0.45 -1.00
2014-5-25T11:36:41.248 24.74 22.69 1160.73 23.13 -0.05 0.36 0.89 -6.29 21.67 -4.46 2.69 0.40 -1.10
2014-5-25T11:36:42.257 24.79 22.69 1160.77 23.13 -0.06 0.31 0.91 -6.29 21.67 -4.46 2.60 0.36 -0.95
2014-5-25T11:36:43.266 24.76 22.69 1160.77 23.13 -0.05 0.36 0.91 -6.32 21.76 -3.91 2.70 0.43 -1.08
2014-5-25T11:36:44.274 24.79 22.69 1160.79 23.13 -0.05 0.33 0.91 -6.32 21.76 -3.91 2.53 0.69 -1.07
2014-5-25T11:36:45.283 24.74 22.69 1153.58 23.13 -0.05 0.33 0.91 -6.26 21.64 -4.33 2.88 0.40 -1.00
2014-5-25T11:36:46.291 24.76 22.69 1153.58 23.13 -0.05 0.34 0.89 -6.26 21.64 -4.33 2.64 0.35 -1.11
2014-5-25T11:36:47.300 24.69 22.69 1131.92 23.13 -0.05 0.33 0.91 -6.32 21.76 -4.21 2.70 0.45 -1.17
2014-5-25T11:36:48.307 24.76 22.69 1131.93 23.13 -0.05 0.36 0.89 -6.32 21.76 -4.21 2.78 0.70 -0.98
2014-5-25T11:36:49.315 24.76 22.69 1153.59 23.13 -0.05 0.36 0.89 -6.50 21.76 -3.69 2.71 0.50 -1.19
2014-5-25T11:36:50.324 24.76 22.69 1153.60 23.13 -0.05 0.34 0.89 -6.50 21.76 -3.69 2.61 0.72 -1.22
2014-5-25T11:36:51.331 24.74 22.69 1139.16 23.13 -0.06 0.33 0.89 -6.47 21.70 -3.91 2.42 0.53 -0.97
2014-5-25T11:36:52.340 24.81 22.69 1139.13 23.13 -0.06 0.33 0.89 -6.47 21.70 -3.91 2.60 0.50 -1.15
2014-5-25T11:36:53.347 24.79 22.69 1146.34 23.13 -0.05 0.34 0.89 -6.41 21.82 -4.27 2.56 0.40 -1.24
2014-5-25T11:36:54.355 24.76 22.69 1146.34 23.13 -0.06 0.36 0.88 -6.41 21.82 -4.27 2.82 0.42 -0.98
2014-5-25T11:36:55.364 24.76 22.69 1146.38 23.13 -0.05 0.34 0.91 -6.56 21.70 -4.61 2.57 0.67 -0.92
2014-5-25T11:36:56.371 24.74 22.69 1153.60 23.13 -0.05 0.36 0.89 -6.56 21.70 -4.61 2.62 0.44 -1.05
2014-5-25T11:36:57.380 24.74 22.69 1153.64 23.13 -0.06 0.34 0.92 -6.23 21.58 -3.97 2.69 0.54 -1.22
2014-5-25T11:36:58.388 24.79 22.69 1146.42 23.13 -0.06 0.33 0.91 -6.23 21.58 -3.97 2.72 0.41 -1.09
2014-5-25T11:36:59.396 24.79 22.69 1146.30 23.13 -0.05 0.33 0.91 -6.29 21.73 -4.06 2.74 0.47 -1.11
2014-5-25T11:37:0.405 24.83 22.69 1153.52 23.13 -0.06 0.33 0.89 -6.29 21.73 -4.06 2.85 0.45 -1.03
2014-5-25T11:37:1.413 24.74 22.69 1153.59 23.13 -0.06 0.34 0.89 -6.29 21.61 -4.24 2.64 0.51 -1.00
2014-5-25T11:37:2.422 24.79 22.69 1117.50 23.13 -0.05 0.31 0.89 -6.29 21.61 -4.24 2.50 0.56 -1.09
2014-5-25T11:37:3.429 24.76 22.69 1117.50 23.13 -0.06 0.33 0.88 -6.38 21.61 -4.24 2.49 0.47 -1.14
2014-5-25T11:37:4.438 24.74 22.69 1153.59 23.13 -0.06 0.33 0.89 -6.38 21.61 -4.24 2.45 0.40 -1.11
2014-5-25T11:37:5.446 24.72 22.69 1153.59 23.13 -0.06 0.33 0.91 -6.47 21.67 -4.36 2.53 0.30 -1.21
2014-5-25T11:37:6.453 24.79 22.69 1139.15 23.13 -0.06 0.34 0.91 -6.47 21.67 -4.36 2.78 0.70 -1.11
2014-5-25T11:37:7.463 24.72 22.69 1139.15 23.13 -0.06 0.34 0.91 -6.56 21.70 -4.52 2.46 0.37 -0.95
2014-5-25T11:37:8.482 24.79 22.69 1168.03 23.13 -0.06 0.31 0.91 -6.56 21.70 -4.52 2.56 0.56 -0.93
2014-5-25T11:37:9.491 24.72 22.69 1168.03 23.13 -0.05 0.34 0.91 -6.44 21.61 -4.64 2.72 0.37 -1.08
2014-5-25T11:37:10.500 24.76 22.69 1167.99 23.13 -0.06 0.33 0.91 -6.44 21.61 -4.64 2.51 0.58 -1.21
2014-5-25T11:37:11.507 24.81 22.69 1160.77 23.13 -0.06 0.33 0.88 -6.26 21.85 -3.97 2.54 0.61 -1.03
2014-5-25T11:37:12.515 24.69 22.69 1160.75 23.13 -0.06 0.33 0.89 -6.26 21.85 -3.97 2.47 0.64 -1.01
2014-5-25T11:37:13.530 24.72 22.69 1139.10 23.13 -0.06 0.33 0.88 -6.47 21.88 -4.12 2.75 0.53 -1.11
2014-5-25T11:37:14.540 24.83 22.69 1139.15 23.13 -0.05 0.34 0.89 -6.47 21.88 -4.12 2.71 0.49 -1.08
2014-5-25T11:37:15.548 24.72 22.69 1124.71 23.13 -0.06 0.34 0.89 -6.16 21.76 -4.12 2.62 0.47 -1.03
2014-5-25T11:37:16.555 24.74 22.69 1124.73 23.13 -0.05 0.34 0.89 -6.16 21.76 -4.12 2.54 0.40 -1.26
2014-5-25T11:37:17.564 24.69 22.69 1131.95 23.13 -0.05 0.34 0.91 -6.35 21.88 -3.88 2.58 0.60 -1.08
2014-5-25T11:37:18.572 24.74 22.69 1132.03 23.13 -0.06 0.33 0.91 -6.35 21.88 -3.88 2.69 0.62 -0.93
2014-5-25T11:37:19.580 24.81 22.69 1139.25 23.13 -0.05 0.34 0.91 -6.50 21.67 -4.24 2.66 0.40 -1.25
2014-5-25T11:37:20.587 24.74 22.69 1139.19 23.13 -0.05 0.36 0.91 -6.50 21.67 -4.24 2.67 0.53 -0.98
2014-5-25T11:37:21.596 24.79 22.69 1153.62 23.13 -0.05 0.34 0.91 -6.35 21.79 -4.64 2.64 0.33 -1.10
2014-5-25T11:37:22.604 24.79 22.69 1153.58 23.13 -0.06 0.33 0.89 -6.35 21.79 -4.64 2.58 0.54 -0.97
2014-5-25T11:37:23.613 24.69 22.69 1131.93 23.13 -0.05 0.34 0.89 -6.47 21.76 -4.33 2.65 0.22 -1.13
2014-5-25T11:37:24.621 24.76 22.69 1131.91 23.13 -0.06 0.31 0.89 -6.47 21.76 -4.33 2.54 0.63 -1.20
2014-5-25T11:37:25.629 24.72 22.69 1131.91 23.13 -0.06 0.33 0.91 -6.47 21.64 -4.67 2.46 0.47 -1.10
2014-5-25T11:37:26.638 24.81 22.69 1139.13 23.13 -0.05 0.36 0.89 -6.47 21.64 -4.67 2.56 0.51 -1.16
2014-5-25T11:37:27.647 24.83 22.69 1139.19 23.13 -0.06 0.33 0.89 -6.29 21.61 -4.61 2.71 0.35 -1.09
2014-5-25T11:37:28.655 24.74 22.69 1153.62 23.13 -0.06 0.34 0.88 -6.29 21.61 -4.61 2.70 0.72 -1.11
2014-5-25T11:37:29.664 24.72 22.69 1153.62 23.13 -0.06 0.33 0.91 -6.29 21.55 -4.24 2.53 0.49 -1.11
2014-5-25T11:37:30.672 24.79 22.69 1146.40 23.13 -0.06 0.31 0.89 -6.29 21.55 -4.24 2.65 0.48 -1.19
2014-5-25T11:37:31.679 24.74 22.69 1146.42 23.13 -0.05 0.36 0.91 -6.41 21.64 -4.43 2.65 0.45 -1.08
2014-5-25T11:37:32.687 24.76 22.69 1146.42 23.13 -0.06 0.33 0.89 -6.41 21.64 -4.43 2.81 0.47 -1.06
2014-5-25T11:37:33.695 24.76 22.69 1146.36 23.13 -0.06 0.34 0.91 -6.38 21.76 -4.33 2.66 0.36 -1.11
2014-5-25T11:37:34.702 24.76 22.69 1146.36 23.13 -0.06 0.34 0.91 -6.29 21.48 -4.21 2.73 0.32 -1.01
2014-5-25T11:37:35.709 24.76 22.69 1146.44 23.13 -0.05 0.34 0.89 -6.29 21.48 -4.21 2.72 0.40 -0.92
2014-5-25T11:37:36.715 24.76 22.69 1132.01 23.13 -0.05 0.34 0.88 -6.29 21.48 -4.21 2.48 0.44 -1.08
2014-5-25T11:37:37.722 24.76 22.69 1131.94 23.13 -0.06 0.33 0.91 -6.44 21.55 -4.46 2.73 0.52 -1.03
2014-5-25T11:37:38.730 24.72 22.69 1139.16 23.13 -0.05 0.34 0.91 -6.44 21.55 -4.46 2.58 0.35 -1.03
2014-5-25T11:37:39.738 24.81 22.69 1139.13 23.13 -0.05 0.34 0.92 -6.35 21.73 -4.94 2.53 0.43 -0.96
2014-5-25T11:37:40.747 24.76 22.69 1139.13 23.13 -0.06 0.31 0.89 -6.35 21.73 -4.94 2.53 0.43 -0.96
2014-5-25T11:37:41.756 24.79 22.69 1139.13 23.13 -0.05 0.33 0.89 -6.44 21.70 -4.79 2.57 0.47 -1.06
2014-5-25T11:37:42.763 24.79 22.69 1139.14 23.13 -0.05 0.34 0.89 -6.44 21.70 -4.79 2.49 0.47 -1.09
2014-5-25T11:37:43.770 24.83 22.69 1124.70 23.13 -0.05 0.34 0.89 -6.50 21.64 -3.85 2.58 0.46 -1.04
2014-5-25T11:37:44.778 24.83 22.69 1124.72 23.13 -0.05 0.33 0.91 -6.50 21.64 -4.49 2.60 0.51 -1.02
2014-5-25T11:37:45.787 24.74 22.69 1124.72 23.13 -0.06 0.34 0.89 -6.50 21.64 -4.49 2.60 0.51 -1.02
2014-5-25T11:37:46.795 24.79 22.69 1124.70 23.13 -0.06 0.34 0.92 -6.50 21.64 -4.49 2.67 0.44 -1.07
2014-5-25T11:37:47.804 24.76 22.69 1131.92 23.13 -0.06 0.33 0.91 -6.44 21.79 -4.33 2.75 0.69 -1.10
2014-5-25T11:37:48.813 24.81 22.69 1131.94 23.13 -0.05 0.34 0.91 -6.44 21.79 -4.33 2.80 0.39 -0.96
2014-5-25T11:37:49.822 24.83 22.69 1139.16 23.13 -0.05 0.34 0.92 -6.47 21.70 -4.58 2.76 0.26 -1.09
2014-5-25T11:37:50.831 24.79 22.69 1139.15 23.13 -0.06 0.33 0.89 -6.32 21.70 -4.06 2.69 0.45 -1.07
2014-5-25T11:37:51.845 24.74 22.69 1139.15 23.13 -0.06 0.31 0.89 -6.32 21.70 -4.06 2.67 0.39 -1.10
2014-5-25T11:37:52.853 24.76 22.69 1139.16 23.13 -0.06 0.33 0.89 -6.47 21.70 -4.27 2.77 0.69 -1.17
2014-5-25T11:37:53.861 24.72 22.69 1117.50 23.13 -0.05 0.34 0.89 -6.47 21.70 -4.27 2.62 0.52 -1.11
2014-5-25T11:37:54.868 24.76 22.69 1117.47 23.13 -0.05 0.33 0.91 -6.29 21.61 -4.36 2.67 0.50 -0.97
2014-5-25T11:37:55.876 24.76 22.69 1117.47 23.13 -0.05 0.36 0.91 -6.29 21.61 -4.36 2.54 0.50 -1.10
2014-5-25T11:37:56.885 24.74 22.69 1139.13 23.13 -0.06 0.33 0.91 -6.53 21.64 -4.06 2.72 0.59 -1.17
2014-5-25T11:37:57.894 24.76 22.69 1139.16 23.13 -0.06 0.33 0.89 -6.53 21.64 -4.06 2.82 0.53 -1.11
2014-5-25T11:37:58.902 24.76 22.69 1139.16 23.13 -0.05 0.34 0.91 -6.35 21.51 -4.52 2.83 0.47 -1.08
2014-5-25T11:37:59.911 24.74 22.69 1139.12 23.13 -0.06 0.33 0.89 -6.35 21.51 -4.52 2.59 0.47 -1.00
2014-5-25T11:38:0.918 24.76 22.69 1139.12 23.13 -0.06 0.36 0.91 -6.44 21.67 -4.18 2.67 0.47 -1.24
2014-5-25T11:38:1.926 24.79 22.69 1139.16 23.13 -0.06 0.34 0.91 -6.44 21.67 -4.18 2.66 0.40 -1.11
2014-5-25T11:38:2.935 24.81 22.69 1124.72 23.13 -0.06 0.33 0.89 -6.41 21.45 -4.52 2.67 0.34 -0.98
2014-5-25T11:38:3.942 24.76 22.69 1124.71 23.13 -0.05 0.33 0.91 -6.41 21.45 -4.52 2.86 0.64 -1.18
2014-5-25T11:38:4.952 24.79 22.69 1139.15 23.13 -0.05 0.33 0.91 -6.38 21.70 -4.30 2.60 0.30 -1.00
2014-5-25T11:38:5.961 24.89 22.72 1139.18 23.13 -0.06 0.33 0.89 -6.38 21.70 -4.30 2.59 0.60 -1.21
2014-5-25T11:38:6.970 24.70 22.72 1131.96 23.13 -0.05 0.34 0.89 -6.41 21.79 -4.49 2.61 0.61 -1.09
2014-5-25T11:38:7.978 24.76 22.69 1131.97 23.13 -0.06 0.31 0.89 -6.41 21.79 -4.49 2.71 0.45 -1.05
2014-5-25T11:38:8.986 24.83 22.69 1117.53 23.13 -0.05 0.34 0.89 -6.41 21.79 -3.72 2.69 0.36 -0.92
2014-5-25T11:38:9.994 24.75 22.72 1117.46 23.13 -0.05 0.36 0.91 -6.41 21.79 -3.72 2.72 0.47 -0.91
2014-5-25T11:38:11.002 24.87 22.72 1117.46 23.13 -0.06 0.34 0.91 -6.20 21.67 -4.76 2.83 0.45 -0.99
2014-5-25T11:38:12.009 24.83 22.69 1139.12 23.13 -0.05 0.34 0.89 -6.20 21.67 -4.76 2.66 0.43 -1.05
2014-5-25T11:38:13.016 24.75 22.72 1139.16 23.13 -0.06 0.33 0.89 -6.32 21.76 -4.27 2.53 0.58 -0.93
2014-5-25T11:38:14.025 24.84 22.72 1139.16 23.13 -0.05 0.34 0.91 -6.32 21.76 -4.27 2.70 0.27 -1.02
2014-5-25T11:38:15.034 24.82 22.72 1139.17 23.13 -0.06 0.33 0.89 -6.50 21.70 -4.30 2.72 0.52 -1.11
2014-5-25T11:38:16.041 24.87 22.72 1139.17 23.13 -0.05 0.34 0.89 -6.50 21.70 -4.30 2.69 0.40 -0.92
2014-5-25T11:38:17.050 24.84 22.72 1139.16 23.13 -0.05 0.34 0.89 -6.62 21.88 -4.46 2.69 0.65 -1.08
2014-5-25T11:38:18.056 24.84 22.72 1139.16 23.13 -0.05 0.34 0.89 -6.62 21.88 -4.46 2.84 0.50 -1.05
2014-5-25T11:38:19.065 24.84 22.72 1139.19 23.13 -0.05 0.33 0.89 -6.29 21.70 -4.33 2.59 0.44 -0.89
2014-5-25T11:38:20.073 24.80 22.72 1117.54 23.13 -0.06 0.33 0.89 -6.29 21.70 -4.33 2.85 0.48 -1.07
2014-5-25T11:38:21.080 24.73 22.72 1117.49 23.13 -0.06 0.31 0.89 -6.44 21.58 -4.49 2.73 0.53 -1.21
2014-5-25T11:38:22.089 24.75 22.72 1124.71 23.13 -0.06 0.34 0.89 -6.44 21.58 -4.49 2.77 0.37 -0.94
2014-5-25T11:38:23.097 24.80 22.72 1124.72 23.13 -0.05 0.34 0.89 -6.59 21.58 -4.30 2.68 0.56 -1.02
2014-5-25T11:38:24.104 24.80 22.72 1131.93 23.13 -0.05 0.33 0.91 -6.59 21.58 -4.30 2.60 0.58 -1.05
2014-5-25T11:38:25.112 24.77 22.72 1131.93 23.13 -0.05 0.33 0.89 -6.59 21.73 -4.70 2.56 0.40 -1.08
2014-5-25T11:38:26.121 24.82 22.72 1131.98 23.13 -0.05 0.34 0.91 -6.59 21.73 -4.70 2.74 0.40 -1.06
2014-5-25T11:38:27.129 24.82 22.72 1117.54 23.13 -0.06 0.31 0.91 -6.53 21.61 -4.49 2.60 0.56 -0.91
2014-5-25T11:38:28.137 24.80 22.72 1117.50 23.13 -0.05 0.33 0.89 -6.53 21.61 -4.49 2.62 0.49 -1.07
2014-5-25T11:38:29.150 24.87 22.72 1131.93 23.13 -0.05 0.33 0.91 -6.44 21.36 -4.21 2.71 0.59 -1.14
2014-5-25T11:38:30.163 24.82 22.72 1131.95 23.13 -0.06 0.33 0.89 -6.44 21.36 -4.21 2.49 0.43 -1.00
2014-5-25T11:38:31.170 24.84 22.72 1131.95 23.13 -0.05 0.33 0.91 -6.44 21.51 -4.09 2.64 0.44 -1.17
2014-5-25T11:38:32.179 24.84 22.72 1131.97 23.13 -0.06 0.33 0.89 -6.44 21.51 -4.09 2.72 0.63 -1.11
2014-5-25T11:38:33.186 24.82 22.72 1124.75 23.13 -0.05 0.33 0.89 -6.71 21.55 -4.36 2.67 0.47 -0.96
2014-5-25T11:38:34.194 24.82 22.72 1124.72 23.13 -0.06 0.34 0.89 -6.71 21.55 -4.36 2.54 0.28 -1.00
2014-5-25T11:38:35.201 24.80 22.72 1124.72 23.13 -0.05 0.34 0.91 -6.44 21.45 -4.55 2.65 0.53 -0.93
2014-5-25T11:38:36.209 24.84 22.72 1124.74 23.13 -0.05 0.34 0.91 -6.44 21.45 -4.55 2.55 0.66 -1.11
2014-5-25T11:38:37.217 24.87 22.72 1117.52 23.13 -0.05 0.34 0.91 -6.47 21.61 -3.97 2.83 0.43 -0.95
2014-5-25T11:38:38.226 24.89 22.72 1117.54 23.13 -0.05 0.34 0.91 -6.47 21.61 -3.97 2.72 0.48 -1.08
2014-5-25T11:38:39.233 24.82 22.72 1139.20 23.13 -0.05 0.34 0.89 -6.41 21.91 -5.04 2.72 0.47 -1.12
2014-5-25T11:38:40.241 24.84 22.72 1139.27 23.13 -0.05 0.34 0.89 -6.41 21.91 -5.04 2.61 0.52 -1.09
2014-5-25T11:38:41.247 24.75 22.72 1139.27 23.13 -0.06 0.33 0.89 -6.47 21.61 -4.52 2.64 0.59 -1.13
2014-5-25T11:38:42.256 24.75 22.72 1124.83 23.13 -0.06 0.33 0.89 -6.47 21.61 -4.52 2.62 0.47 -0.78
2014-5-25T11:38:43.262 24.75 22.72 1124.77 23.13 -0.05 0.33 0.91 -6.44 21.45 -4.61 2.55 0.31 -0.99
2014-5-25T11:38:44.270 24.77 22.72 1131.99 23.13 -0.05 0.34 0.91 -6.44 21.45 -4.61 2.63 0.46 -0.98
2014-5-25T11:38:45.278 24.77 22.72 1131.96 23.13 -0.06 0.33 0.89 -6.26 21.55 -4.58 2.52 0.39 -1.00
2014-5-25T11:38:46.287 24.91 22.72 1146.40 23.13 -0.06 0.31 0.91 -6.26 21.55 -4.58 2.55 0.47 -0.95
2014-5-25T11:38:47.295 24.82 22.72 1146.42 23.13 -0.06 0.33 0.91 -6.35 21.36 -4.82 2.75 0.45 -0.99
2014-5-25T11:38:48.302 24.80 22.72 1146.42 23.13 -0.05 0.34 0.91 -6.35 21.36 -4.82 2.52 0.59 -1.25
2014-5-25T11:38:49.309 24.87 22.72 1146.38 23.13 -0.05 0.33 0.89 -6.56 21.76 -4.70 2.63 0.48 -1.27
2014-5-25T11:38:50.318 24.80 22.72 1131.94 23.13 -0.05 0.33 0.89 -6.56 21.76 -4.70 2.64 0.56 -0.94
2014-5-25T11:38:51.334 24.87 22.72 1131.96 23.13 -0.05 0.33 0.89 -6.35 21.48 -5.16 2.75 0.55 -1.07
2014-5-25T11:38:52.343 24.84 22.72 1117.52 23.13 -0.06 0.33 0.89 -6.35 21.48 -5.16 2.66 0.66 -1.14
2014-5-25T11:38:53.351 24.84 22.72 1117.50 23.13 -0.06 0.33 0.91 -6.62 21.58 -4.15 2.75 0.52 -1.11
2014-5-25T11:38:54.358 24.89 22.72 1131.94 23.13 -0.06 0.34 0.91 -6.62 21.58 -4.15 2.76 0.46 -0.92
2014-5-25T11:38:55.367 24.84 22.72 1131.94 23.13 -0.05 0.33 0.89 -6.38 21.70 -4.36 2.52 0.60 -1.11
2014-5-25T11:38:56.375 24.80 22.72 1131.99 23.13 -0.05 0.33 0.91 -6.38 21.70 -4.36 2.57 0.26 -1.19
2014-5-25T11:38:57.384 24.75 22.72 1131.99 23.13 -0.05 0.33 0.89 -6.62 21.79 -4.12 2.69 0.47 -1.32
2014-5-25T11:38:58.400 24.84 22.72 1132.00 23.13 -0.05 0.34 0.89 -6.62 21.79 -4.12 2.59 0.43 -1.11
2014-5-25T11:38:59.408 24.87 22.72 1117.56 23.13 -0.05 0.34 0.89 -6.16 21.67 -4.43 2.80 0.46 -1.04
2014-5-25T11:39:0.415 24.87 22.72 1117.55 23.13 -0.06 0.33 0.89 -6.16 21.67 -4.43 2.61 0.46 -1.03
2014-5-25T11:39:1.423 24.84 22.72 1124.77 23.13 -0.06 0.34 0.91 -6.32 21.55 -4.64 2.83 0.58 -1.13
2014-5-25T11:39:2.434 24.82 22.72 1124.84 23.13 -0.05 0.34 0.89 -6.32 21.55 -4.64 2.67 0.53 -1.10
2014-5-25T11:39:3.441 24.82 22.72 1132.06 23.13 -0.05 0.33 0.89 -6.44 21.61 -4.82 2.64 0.40 -1.04
2014-5-25T11:39:4.450 24.77 22.72 1131.97 23.13 -0.05 0.33 0.91 -6.44 21.61 -4.82 2.56 0.46 -1.01
2014-5-25T11:39:5.462 24.84 22.72 1124.75 23.13 -0.05 0.33 0.91 -6.47 21.61 -4.46 2.68 0.57 -1.19
2014-5-25T11:39:6.470 24.87 22.72 1124.75 23.13 -0.06 0.34 0.91 -6.47 21.61 -4.46 2.77 0.58 -1.10
2014-5-25T11:39:7.478 24.87 22.72 1110.32 23.13 -0.06 0.33 0.89 -6.38 21.39 -4.39 2.65 0.39 -1.24
2014-5-25T11:39:8.490 24.84 22.72 1110.35 23.13 -0.06 0.33 0.89 -6.38 21.39 -4.39 2.46 0.43 -1.11
2014-5-25T11:39:9.498 24.98 22.72 1110.35 23.13 -0.06 0.33 0.89 -6.53 21.67 -4.00 2.59 0.65 -1.11
2014-5-25T11:39:10.506 25.07 22.72 1110.35 23.13 -0.05 0.34 0.91 -6.53 21.67 -4.00 2.59 0.32 -0.97
2014-5-25T11:39:11.514 25.07 22.72 1131.99 23.13 -0.05 0.34 0.91 -6.59 21.58 -4.76 2.78 0.47 -1.20
2014-5-25T11:39:12.521 24.98 22.72 1131.99 23.13 -0.05 0.34 0.91 -6.59 21.58 -4.76 2.58 0.50 -1.11
2014-5-25T11:39:13.535 24.98 22.72 1131.97 23.13 -0.05 0.34 0.91 -6.41 21.76 -4.18 2.66 0.47 -1.05
2014-5-25T11:39:14.542 24.98 22.72 1131.97 23.13 -0.05 0.34 0.91 -6.41 21.76 -4.18 2.61 0.35 -1.19
2014-5-25T11:39:15.549 24.89 22.72 1131.99 23.13 -0.05 0.31 0.91 -6.38 21.58 -4.27 2.52 0.56 -0.96
2014-5-25T11:39:16.557 24.87 22.72 1124.77 23.13 -0.05 0.34 0.89 -6.38 21.58 -4.27 2.57 0.60 -1.04
2014-5-25T11:39:17.565 24.87 22.72 1124.83 23.13 -0.06 0.33 0.89 -6.32 21.48 -4.33 2.40 0.43 -0.90
2014-5-25T11:39:18.572 24.84 22.72 1124.83 23.13 -0.05 0.36 0.89 -6.32 21.48 -4.33 2.69 0.50 -1.09
2014-5-25T11:39:19.581 24.80 22.72 1124.80 23.13 -0.05 0.33 0.91 -6.50 21.73 -4.67 2.49 0.47 -1.16
2014-5-25T11:39:20.589 24.84 22.72 1124.80 23.13 -0.06 0.33 0.89 -6.50 21.73 -4.67 2.69 0.48 -0.82
2014-5-25T11:39:21.598 24.77 22.72 1124.84 23.13 -0.05 0.31 0.89 -6.29 21.51 -4.46 2.62 0.26 -1.24
2014-5-25T11:39:22.607 24.84 22.72 1132.06 23.13 -0.06 0.34 0.89 -6.29 21.51 -4.46 2.73 0.34 -0.98
2014-5-25T11:39:23.614 24.75 22.72 1132.00 23.13 -0.05 0.33 0.89 -6.35 21.58 -4.64 2.77 0.31 -1.15
2014-5-25T11:39:24.622 24.84 22.72 1132.00 23.13 -0.05 0.34 0.89 -6.35 21.58 -4.64 2.64 0.40 -1.08
2014-5-25T11:39:25.631 24.87 22.72 1132.00 23.13 -0.06 0.33 0.89 -6.35 21.61 -4.97 2.58 0.47 -0.98
2014-5-25T11:39:26.640 24.82 22.72 1132.03 23.13 -0.06 0.34 0.89 -6.35 21.61 -4.97 2.43 0.56 -0.98
2014-5-25T11:39:27.648 24.87 22.72 1117.59 23.13 -0.05 0.34 0.91 -6.29 21.64 -4.58 2.72 0.59 -1.10
2014-5-25T11:39:28.660 24.91 22.72 1117.59 23.13 -0.05 0.34 0.89 -6.29 21.64 -4.58 2.75 0.40 -0.95
2014-5-25T11:39:29.668 24.73 22.72 1124.81 23.13 -0.06 0.33 0.91 -6.56 21.55 -4.55 2.70 0.41 -1.05
2014-5-25T11:39:30.676 24.93 22.72 1124.77 23.13 -0.05 0.33 0.91 -6.56 21.55 -4.55 2.54 0.56 -1.13
2014-5-25T11:39:31.684 24.87 22.72 1124.77 23.13 -0.05 0.33 0.89 -6.29 21.36 -4.76 2.62 0.59 -1.08
2014-5-25T11:39:32.693 24.82 22.72 1124.80 23.13 -0.05 0.34 0.91 -6.29 21.36 -4.76 2.64 0.45 -0.78
2014-5-25T11:39:33.702 24.87 22.72 1110.36 23.13 -0.06 0.34 0.91 -6.41 21.51 -4.18 2.48 0.35 -1.09
2014-5-25T11:39:34.709 24.80 22.72 1110.36 23.13 -0.06 0.34 0.89 -6.41 21.51 -4.18 2.54 0.59 -0.97
2014-5-25T11:39:35.718 24.82 22.72 1124.79 23.13 -0.06 0.34 0.89 -6.29 21.67 -4.00 2.73 0.68 -1.07
2014-5-25T11:39:36.726 24.87 22.72 1124.77 23.13 -0.05 0.33 0.91 -6.29 21.67 -4.00 2.58 0.53 -0.96
2014-5-25T11:39:37.735 24.87 22.72 1124.77 23.13 -0.05 0.33 0.89 -6.44 21.39 -4.49 2.59 0.59 -0.83
2014-5-25T11:39:38.744 24.89 22.72 1124.81 23.13 -0.05 0.33 0.91 -6.44 21.39 -4.49 2.47 0.39 -1.09
2014-5-25T11:39:39.751 24.91 22.72 1095.94 23.13 -0.06 0.33 0.91 -6.26 21.51 -4.43 2.58 0.37 -0.93
2014-5-25T11:39:40.760 24.82 22.72 1095.94 23.13 -0.05 0.33 0.89 -6.26 21.51 -4.43 2.53 0.34 -1.24
2014-5-25T11:39:41.768 24.82 22.72 1095.85 23.13 -0.05 0.33 0.89 -6.44 21.51 -4.55 2.66 0.34 -1.14
2014-5-25T11:39:42.775 24.77 22.72 1110.28 23.13 -0.06 0.33 0.89 -6.35 21.85 -4.43 2.78 0.43 -1.21
2014-5-25T11:39:43.783 24.80 22.72 1110.37 23.13 -0.05 0.33 0.89 -6.35 21.85 -4.43 2.82 0.40 -1.01
2014-5-25T11:39:44.791 24.84 22.72 1103.15 23.13 -0.06 0.33 0.91 -6.35 21.85 -4.43 2.75 0.40 -1.17
2014-5-25T11:39:45.800 24.77 22.72 1103.15 23.13 -0.05 0.33 0.89 -6.41 21.85 -4.36 2.66 0.60 -0.99
2014-5-25T11:39:46.808 24.80 22.72 1095.93 23.13 -0.05 0.34 0.89 -6.41 21.85 -4.36 2.55 0.53 -0.94
2014-5-25T11:39:47.816 24.82 22.72 1095.92 23.13 -0.05 0.31 0.91 -6.50 21.79 -4.24 2.65 0.51 -0.99
2014-5-25T11:39:48.824 24.75 22.72 1124.79 23.13 -0.05 0.31 0.92 -6.32 21.61 -4.43 2.63 0.56 -1.03
2014-5-25T11:39:49.832 24.75 22.72 1124.78 23.13 -0.05 0.33 0.89 -6.32 21.61 -4.43 2.63 0.56 -1.03
2014-5-25T11:39:50.839 24.80 22.72 1095.91 23.13 -0.05 0.34 0.89 -6.47 21.55 -4.61 2.61 0.50 -1.14
2014-5-25T11:39:51.847 24.77 22.72 1095.94 23.13 -0.06 0.36 0.91 -6.47 21.55 -4.61 2.63 0.49 -1.02
2014-5-25T11:39:52.856 24.80 22.72 1095.94 23.13 -0.06 0.34 0.89 -6.47 21.55 -4.61 2.63 0.49 -1.02
2014-5-25T11:39:53.865 24.82 22.72 1095.90 23.13 -0.06 0.34 0.89 -6.47 21.61 -4.76 2.59 0.27 -1.04
2014-5-25T11:39:54.872 24.78 22.75 1103.12 23.13 -0.06 0.33 0.92 -6.35 21.61 -4.30 2.59 0.48 -1.08
2014-5-25T11:39:55.880 24.76 22.75 1103.12 23.13 -0.06 0.31 0.91 -6.35 21.61 -4.30 2.66 0.76 -1.14
2014-5-25T11:39:56.889 24.90 22.75 1103.17 23.13 -0.05 0.31 0.89 -6.59 21.67 -4.33 2.62 0.47 -1.26
2014-5-25T11:39:57.906 24.90 22.75 1103.17 23.13 -0.06 0.34 0.91 -6.59 21.67 -4.33 2.62 0.46 -1.12
2014-5-25T11:39:58.915 24.76 22.75 1103.15 23.13 -0.05 0.34 0.89 -6.41 21.73 -4.43 2.76 0.29 -1.21
2014-5-25T11:39:59.923 24.85 22.75 1117.59 23.13 -0.05 0.34 0.91 -6.41 21.73 -4.43 2.53 0.35 -1.21
2014-5-25T11:40:0.932 24.85 22.75 1117.58 23.13 -0.06 0.36 0.91 -6.44 21.58 -4.43 2.53 0.54 -1.20
2014-5-25T11:40:1.940 24.83 22.75 1103.14 23.13 -0.06 0.34 0.91 -6.44 21.58 -4.43 2.77 0.39 -1.14
2014-5-25T11:40:2.947 24.85 22.75 1103.16 23.13 -0.05 0.33 0.89 -6.41 21.61 -4.91 2.68 0.30 -1.11
2014-5-25T11:40:3.956 24.81 22.75 1132.03 23.13 -0.05 0.34 0.89 -6.41 21.61 -4.91 2.62 0.61 -1.14
2014-5-25T11:40:4.964 24.88 22.75 1132.07 23.13 -0.06 0.34 0.89 -6.44 21.73 -4.70 2.62 0.49 -1.03
2014-5-25T11:40:5.973 24.85 22.75 1117.63 23.13 -0.06 0.33 0.91 -6.44 21.73 -4.70 2.65 0.55 -1.11
2014-5-25T11:40:6.981 24.88 22.75 1117.58 23.13 -0.05 0.33 0.89 -6.29 21.55 -4.64 2.64 0.55 -1.00
2014-5-25T11:40:7.989 24.78 22.75 1095.92 23.13 -0.05 0.33 0.89 -6.29 21.55 -4.64 2.66 0.41 -1.06
2014-5-25T11:40:8.999 24.78 22.75 1095.92 23.13 -0.05 0.34 0.89 -6.50 21.79 -3.94 2.74 0.43 -1.13
2014-5-25T11:40:10.007 24.85 22.75 1095.92 23.13 -0.06 0.33 0.89 -6.50 21.79 -3.94 2.69 0.44 -0.90
2014-5-25T11:40:11.014 24.78 22.75 1103.20 23.13 -0.06 0.33 0.89 -6.23 21.64 -4.70 2.40 0.45 -1.21
2014-5-25T11:40:12.021 24.78 22.75 1103.20 23.13 -0.06 0.33 0.91 -6.23 21.64 -4.70 2.69 0.27 -0.94
2014-5-25T11:40:13.028 24.85 22.75 1081.54 23.13 -0.06 0.33 0.89 -6.50 21.73 -4.43 2.77 0.38 -0.82
2014-5-25T11:40:14.036 24.83 22.75 1081.49 23.13 -0.05 0.33 0.89 -6.50 21.73 -4.43 2.66 0.48 -1.02
2014-5-25T11:40:15.043 24.92 22.75 1117.58 23.13 -0.05 0.31 0.91 -6.47 21.73 -4.39 2.95 0.38 -1.00
2014-5-25T11:40:16.050 24.83 22.75 1117.61 23.13 -0.06 0.33 0.89 -6.47 21.73 -4.39 2.72 0.39 -1.21
2014-5-25T11:40:17.059 24.90 22.75 1124.83 23.13 -0.06 0.34 0.91 -6.50 21.61 -4.30 2.59 0.42 -1.06
2014-5-25T11:40:18.068 24.81 22.75 1124.87 23.13 -0.06 0.34 0.91 -6.50 21.61 -4.30 2.75 0.47 -1.11
2014-5-25T11:40:19.075 24.81 22.75 1110.43 23.13 -0.06 0.34 0.91 -6.50 21.42 -4.24 2.56 0.67 -1.17
2014-5-25T11:40:20.082 24.81 22.75 1110.39 23.13 -0.05 0.36 0.91 -6.50 21.42 -4.24 2.62 0.51 -1.07
2014-5-25T11:40:21.089 24.81 22.75 1103.17 23.13 -0.06 0.33 0.91 -6.53 21.67 -4.46 2.62 0.43 -1.14
2014-5-25T11:40:22.096 24.81 22.75 1103.18 23.13 -0.06 0.34 0.91 -6.53 21.67 -4.46 2.74 0.75 -1.08
