# date irTemp ambientTemp pressure humidity acceleration(x y z) magnetometer(x y z) gyroscope(x y z)
2014-5-24T16:43:22.365 25.85 24.31 1444.07 24.42 0.30 0.47 0.75 0.00 0.00 0.00 2.95 0.19 -1.08
2014-5-24T16:43:23.384 22.43 24.31 1730.62 24.42 0.30 0.47 0.75 -9.64 25.73 -8.06 2.71 0.06 -1.23
2014-5-24T16:43:24.395 23.97 24.34 1752.36 24.42 0.33 0.48 0.75 -9.64 25.73 -8.06 2.79 0.29 -1.34
2014-5-24T16:43:25.404 24.06 24.34 1752.38 24.42 0.31 0.48 0.75 -9.52 25.60 -8.15 2.82 0.12 -1.23
2014-5-24T16:43:26.412 24.22 24.34 1752.38 24.42 0.30 0.47 0.73 -9.40 25.39 -7.97 2.85 0.02 -1.28
2014-5-24T16:43:27.419 24.38 24.34 1752.39 24.42 0.30 0.48 0.75 -9.40 25.39 -7.97 3.01 0.09 -1.23
2014-5-24T16:43:28.425 24.29 24.34 1716.16 24.42 0.30 0.47 0.73 -9.52 25.60 -8.15 2.88 0.24 -1.27
2014-5-24T16:43:29.433 24.25 24.34 1716.17 24.42 0.30 0.47 0.73 -9.52 25.60 -8.15 2.85 0.12 -1.31
2014-5-24T16:43:30.440 24.31 24.34 1745.15 24.42 0.30 0.47 0.75 -9.34 25.45 -8.03 2.88 0.27 -1.10
2014-5-24T16:43:31.446 24.13 24.34 1745.12 24.42 0.30 0.48 0.75 -9.34 25.45 -8.03 2.87 0.15 -1.32
2014-5-24T16:43:32.453 23.87 24.34 1766.86 24.42 0.30 0.47 0.75 -9.49 25.70 -7.78 2.85 0.21 -1.09
2014-5-24T16:43:33.459 24.31 24.34 1766.77 24.42 0.31 0.47 0.75 -9.49 25.70 -7.78 2.98 0.40 -1.05
2014-5-24T16:43:34.467 24.71 24.34 1759.52 24.42 0.31 0.48 0.75 -9.43 25.51 -7.90 2.91 0.26 -1.09
2014-5-24T16:43:35.473 24.59 24.34 1759.52 24.42 0.30 0.48 0.75 -9.43 25.51 -7.90 2.94 0.19 -1.24
2014-5-24T16:43:36.481 24.30 24.31 1759.76 24.42 0.30 0.48 0.77 -9.52 25.51 -8.33 2.75 0.06 -1.19
2014-5-24T16:43:37.488 24.35 24.31 1759.76 24.42 0.31 0.48 0.77 -9.52 25.51 -8.33 2.85 0.22 -1.13
2014-5-24T16:43:38.496 24.61 24.31 1759.48 24.42 0.28 0.47 0.75 -9.34 25.51 -8.64 2.75 0.35 -1.25
2014-5-24T16:43:39.505 24.40 24.31 1759.48 24.42 0.30 0.48 0.75 -9.34 25.51 -8.64 2.86 0.07 -1.27
2014-5-24T16:43:40.512 24.12 24.31 1759.51 24.42 0.30 0.47 0.75 -9.31 25.39 -7.84 2.98 0.45 -1.37
2014-5-24T16:43:41.520 24.42 24.31 1781.25 24.42 0.30 0.47 0.75 -9.31 25.39 -7.84 2.85 0.31 -1.23
2014-5-24T16:43:42.526 24.35 24.31 1781.13 24.42 0.30 0.48 0.77 -9.28 25.48 -8.42 2.91 0.32 -1.24
2014-5-24T16:43:43.534 24.03 24.31 1766.64 24.42 0.30 0.48 0.75 -9.28 25.48 -8.42 3.06 0.30 -1.14
2014-5-24T16:43:44.541 24.42 24.31 1766.62 24.42 0.30 0.48 0.75 -9.25 25.48 -8.12 2.86 0.22 -1.36
2014-5-24T16:43:45.549 24.44 24.31 1795.60 24.42 0.31 0.47 0.75 -9.25 25.48 -8.12 2.78 0.24 -1.19
2014-5-24T16:43:46.556 24.30 24.31 1795.57 24.42 0.30 0.48 0.73 -9.34 25.54 -8.42 2.91 0.11 -1.06
2014-5-24T16:43:47.562 24.35 24.31 1766.59 24.42 0.30 0.48 0.75 -9.34 25.54 -8.42 2.79 0.22 -1.43
2014-5-24T16:43:48.570 24.49 24.31 1766.61 24.42 0.30 0.48 0.75 -9.09 25.45 -8.00 2.98 0.40 -1.17
2014-5-24T16:43:49.577 24.61 24.31 1766.61 24.42 0.31 0.48 0.75 -9.09 25.45 -8.00 2.76 0.28 -1.17
2014-5-24T16:43:50.585 24.29 24.28 1773.85 24.42 0.30 0.48 0.75 -9.34 25.42 -8.24 2.87 0.25 -1.17
2014-5-24T16:43:51.592 24.27 24.28 1773.82 24.42 0.31 0.47 0.77 -9.34 25.42 -8.24 2.91 0.27 -1.18
2014-5-24T16:43:52.599 24.39 24.28 1810.05 24.42 0.31 0.47 0.75 -9.37 25.42 -8.70 3.01 0.26 -1.25
2014-5-24T16:43:53.607 24.39 24.28 1809.93 24.42 0.30 0.47 0.75 -9.37 25.42 -8.70 2.79 0.33 -1.23
2014-5-24T16:43:54.614 24.53 24.28 1831.67 24.42 0.30 0.48 0.75 -9.31 25.27 -8.24 3.15 0.34 -1.16
2014-5-24T16:43:55.621 24.41 24.28 1831.61 24.42 0.30 0.47 0.75 -9.31 25.27 -8.24 2.92 0.31 -1.21
2014-5-24T16:43:56.628 24.22 24.28 1846.10 24.42 0.31 0.47 0.75 -9.43 25.39 -8.51 2.98 0.32 -1.30
2014-5-24T16:43:57.643 24.50 24.28 1846.12 24.42 0.30 0.48 0.75 -9.43 25.39 -8.51 3.00 0.47 -1.16
2014-5-24T16:43:58.657 24.41 24.28 1824.39 24.42 0.28 0.47 0.75 -9.28 25.39 -8.12 2.76 0.31 -1.17
2014-5-24T16:43:59.664 24.42 24.25 1824.33 24.42 0.28 0.47 0.73 -9.28 25.39 -8.12 3.04 0.18 -1.40
2014-5-24T16:44:0.671 24.54 24.25 1795.35 24.42 0.30 0.47 0.73 -9.37 25.24 -8.36 2.87 0.32 -1.12
2014-5-24T16:44:1.678 24.56 24.25 1795.23 24.42 0.30 0.47 0.75 -9.37 25.24 -8.36 3.08 0.37 -1.25
2014-5-24T16:44:2.685 24.65 24.25 1816.97 24.42 0.30 0.50 0.75 -9.31 25.27 -7.93 2.97 0.27 -1.16
2014-5-24T16:44:3.696 24.56 24.25 1816.94 24.42 0.31 0.47 0.75 -9.31 25.27 -7.93 2.82 0.21 -1.06
2014-5-24T16:44:4.704 24.31 24.25 1816.94 24.42 0.31 0.48 0.75 -9.40 25.57 -8.24 2.92 0.22 -1.30
2014-5-24T16:44:5.712 24.42 24.25 1845.92 24.42 0.31 0.47 0.75 -9.40 25.57 -8.24 3.01 0.34 -1.30
2014-5-24T16:44:6.720 24.35 24.25 1845.85 24.42 0.30 0.48 0.75 -9.34 25.12 -8.54 2.80 0.24 -1.13
2014-5-24T16:44:7.738 24.46 24.22 1845.85 24.42 0.30 0.48 0.75 -9.34 25.12 -8.54 2.78 0.23 -1.21
2014-5-24T16:44:8.746 24.50 24.22 1845.90 24.42 0.31 0.47 0.75 -9.09 25.33 -8.27 2.96 0.19 -1.21
2014-5-24T16:44:9.754 24.60 24.22 1853.14 24.42 0.31 0.48 0.75 -9.09 25.33 -8.27 3.07 0.36 -1.15
2014-5-24T16:44:10.762 24.71 24.22 1853.11 24.42 0.30 0.48 0.75 -9.19 25.21 -8.64 3.00 0.24 -1.35
2014-5-24T16:44:11.768 24.69 24.22 1824.14 24.42 0.30 0.45 0.73 -9.19 25.21 -8.64 2.85 0.05 -1.07
2014-5-24T16:44:12.777 24.92 24.22 1824.02 24.42 0.30 0.47 0.75 -9.25 25.15 -8.67 2.76 0.09 -1.26
2014-5-24T16:44:13.784 24.92 24.22 27.71 24.42 0.30 0.47 0.75 -9.25 25.15 -8.67 2.97 0.22 -1.10
2014-5-24T16:44:14.790 24.77 24.19 27.71 24.42 0.31 0.47 0.75 -9.22 25.45 -8.24 2.88 0.15 -1.21
2014-5-24T16:44:15.797 24.79 24.19 1874.72 24.42 0.30 0.48 0.77 -9.22 25.45 -8.24 2.84 0.24 -1.07
2014-5-24T16:44:16.804 24.72 24.19 1874.63 24.42 0.31 0.47 0.75 -9.28 25.33 -8.00 3.00 0.21 -1.27
2014-5-24T16:44:17.812 24.77 24.19 1860.15 24.42 0.30 0.47 0.75 -9.28 25.33 -8.00 2.89 0.20 -1.25
2014-5-24T16:44:18.819 24.72 24.19 1860.06 24.42 0.28 0.48 0.75 -9.28 25.36 -8.21 2.86 0.11 -1.17
2014-5-24T16:44:19.825 24.70 24.19 1860.06 24.42 0.28 0.47 0.75 -9.28 25.36 -8.21 2.99 0.19 -1.25
2014-5-24T16:44:20.832 24.77 24.19 42.19 24.42 0.30 0.47 0.75 -9.16 25.45 -8.27 2.90 0.08 -1.11
2014-5-24T16:44:21.842 24.48 24.16 42.19 24.42 0.28 0.47 0.73 -9.16 25.45 -8.27 2.88 -0.02 -1.34
2014-5-24T16:44:22.849 24.60 24.16 49.43 24.42 0.30 0.47 0.73 -9.06 25.24 -8.00 2.73 0.10 -1.27
2014-5-24T16:44:23.857 24.58 24.16 49.43 24.42 0.28 0.48 0.75 -9.06 25.24 -8.00 2.89 0.07 -1.26
2014-5-24T16:44:24.864 24.48 24.16 63.91 24.42 0.28 0.47 0.75 -9.25 25.30 -8.45 2.75 0.24 -1.37
2014-5-24T16:44:25.871 24.53 24.16 63.92 24.42 0.30 0.45 0.73 -9.25 25.30 -8.45 2.85 0.15 -1.26
2014-5-24T16:44:26.878 24.67 24.16 71.16 24.42 0.30 0.47 0.73 -9.31 25.45 -8.58 3.03 0.48 -1.19
2014-5-24T16:44:27.886 24.62 24.16 71.15 24.42 0.30 0.47 0.75 -9.31 25.45 -8.58 2.94 0.15 -1.11
2014-5-24T16:44:28.893 24.66 24.13 27.70 24.42 0.30 0.47 0.75 -9.09 25.30 -8.21 2.83 0.26 -1.26
2014-5-24T16:44:29.901 24.59 24.13 27.70 24.33 0.31 0.47 0.75 -9.09 25.30 -8.21 2.89 0.24 -1.24
2014-5-24T16:44:30.907 24.50 24.13 1874.32 24.33 0.31 0.47 0.75 -9.22 25.39 -8.00 2.99 0.30 -1.12
2014-5-24T16:44:31.915 24.77 24.13 1874.24 24.33 0.30 0.48 0.75 -9.22 25.39 -8.00 2.89 0.24 -1.25
2014-5-24T16:44:32.922 24.66 24.13 42.18 24.33 0.30 0.47 0.75 -9.31 25.48 -8.48 2.98 0.42 -1.17
2014-5-24T16:44:33.928 24.54 24.13 42.18 24.33 0.31 0.48 0.75 -9.31 25.48 -8.48 2.84 0.22 -1.34
2014-5-24T16:44:34.934 24.58 24.09 42.18 24.33 0.30 0.47 0.75 -9.22 25.45 -8.79 2.85 0.21 -1.39
2014-5-24T16:44:35.941 24.62 24.09 92.87 24.33 0.28 0.48 0.75 -9.22 25.45 -8.79 2.74 0.24 -1.31
2014-5-24T16:44:36.948 24.65 24.09 92.87 24.33 0.30 0.48 0.75 -9.06 25.42 -8.21 2.80 0.30 -1.27
2014-5-24T16:44:37.956 24.69 24.09 78.38 24.33 0.30 0.48 0.75 -9.06 25.42 -8.21 3.18 0.47 -1.12
2014-5-24T16:44:38.963 24.67 24.09 78.38 24.33 0.30 0.47 0.75 -9.31 25.39 -8.12 2.91 0.25 -1.28
2014-5-24T16:44:39.970 24.60 24.09 92.86 24.33 0.28 0.47 0.75 -9.31 25.39 -8.12 2.83 0.08 -1.29
2014-5-24T16:44:40.977 24.59 24.06 92.86 24.33 0.30 0.48 0.75 -8.94 25.24 -8.12 3.01 0.22 -1.27
2014-5-24T16:44:41.984 24.71 24.06 129.07 24.33 0.30 0.48 0.75 -8.94 25.24 -8.12 2.97 0.34 -1.23
2014-5-24T16:44:42.991 24.64 24.06 129.07 24.33 0.30 0.47 0.75 -9.31 25.24 -8.48 2.70 0.09 -1.13
2014-5-24T16:44:43.998 24.38 24.06 114.59 24.33 0.30 0.48 0.73 -9.31 25.24 -8.48 2.84 0.25 -1.20
2014-5-24T16:44:45.006 24.38 24.06 114.58 24.33 0.30 0.48 0.75 -9.19 25.30 -8.09 2.91 0.11 -1.33
2014-5-24T16:44:46.014 24.45 24.06 92.86 24.33 0.30 0.48 0.75 -9.19 25.30 -8.09 2.83 0.43 -1.14
2014-5-24T16:44:47.022 24.50 24.06 92.85 24.33 0.28 0.47 0.73 -9.22 25.54 -8.06 2.86 0.34 -1.26
2014-5-24T16:44:48.030 24.56 24.03 71.13 24.33 0.33 0.47 0.75 -9.22 25.54 -8.06 2.91 0.21 -1.21
2014-5-24T16:44:49.037 24.56 24.03 71.13 24.33 0.30 0.47 0.75 -9.28 25.39 -8.21 2.96 0.31 -1.28
2014-5-24T16:44:50.044 24.58 24.03 71.13 24.33 0.30 0.47 0.75 -9.28 25.39 -8.21 2.89 0.11 -1.23
2014-5-24T16:44:51.052 24.51 24.03 92.85 24.33 0.28 0.48 0.75 -9.28 25.30 -9.00 2.91 0.40 -1.31
2014-5-24T16:44:52.058 24.51 24.03 92.85 24.33 0.30 0.42 0.77 -9.28 25.30 -9.00 3.02 0.21 -1.22
2014-5-24T16:44:53.066 24.53 24.03 107.33 24.33 0.30 0.45 0.70 -9.28 25.33 -8.42 3.10 0.40 -1.07
2014-5-24T16:44:54.074 26.17 24.03 107.33 24.33 0.33 0.47 0.75 -9.28 25.33 -8.42 3.15 0.14 -1.18
2014-5-24T16:44:55.081 27.89 24.06 78.37 24.33 0.33 0.47 0.75 -9.34 25.51 -9.64 3.02 0.56 -1.21
2014-5-24T16:44:56.088 27.52 24.09 78.37 24.33 0.27 0.53 0.75 -9.34 25.51 -9.64 3.02 0.56 -1.21
2014-5-24T16:44:57.096 27.52 24.09 107.32 24.33 0.33 0.47 0.77 -9.22 25.36 -9.22 3.40 0.43 -1.17
2014-5-24T16:44:58.103 27.41 24.09 107.33 24.33 0.28 0.50 0.75 -9.22 25.36 -9.22 3.21 0.37 -1.39
2014-5-24T16:44:59.111 27.59 24.09 92.85 24.33 0.33 0.44 0.73 -9.28 25.45 -9.77 3.72 0.36 -1.41
2014-5-24T16:45:0.119 27.74 24.13 92.84 24.33 0.34 0.48 0.69 -9.28 25.45 -9.77 3.38 0.40 -1.44
2014-5-24T16:45:1.127 28.36 24.13 100.08 24.33 0.33 0.47 0.75 -9.16 25.30 -9.25 2.53 0.23 -1.18
2014-5-24T16:45:2.135 28.56 24.13 100.09 24.33 0.30 0.47 0.73 -9.16 25.30 -9.25 2.70 0.22 -1.28
2014-5-24T16:45:3.156 28.50 24.13 100.09 24.33 0.28 0.47 0.77 -8.94 25.21 -9.22 2.50 0.29 -1.10
2014-5-24T16:45:4.163 28.67 24.13 100.09 24.33 0.28 0.47 0.77 -8.94 25.21 -9.22 3.04 0.07 -1.30
2014-5-24T16:45:5.170 28.67 24.13 100.09 24.42 0.28 0.48 0.78 -9.28 25.30 -8.82 3.04 0.07 -1.30
2014-5-24T16:45:6.177 28.23 24.13 85.61 24.42 0.30 0.48 0.77 -9.28 25.30 -8.82 3.14 0.27 -1.47
2014-5-24T16:45:7.185 27.97 24.16 85.61 24.42 0.31 0.50 0.77 -9.19 25.36 -8.73 3.05 0.15 -1.16
2014-5-24T16:45:8.192 27.48 24.16 92.85 24.42 0.27 0.52 0.80 -9.19 25.36 -8.73 3.18 0.33 -1.34
2014-5-24T16:45:9.208 27.02 24.16 92.85 24.42 0.31 0.52 0.83 -9.49 25.24 -9.67 3.30 0.24 -1.43
2014-5-24T16:45:10.215 27.23 24.16 85.61 24.50 0.36 0.45 0.69 -9.49 25.24 -9.67 3.33 0.13 -1.27
2014-5-24T16:45:11.223 28.13 24.16 85.62 24.50 0.36 0.50 0.70 -9.22 25.30 -9.03 2.87 0.18 -1.28
2014-5-24T16:45:12.230 27.91 24.19 49.42 24.50 0.33 0.50 0.78 -9.22 25.30 -9.03 3.49 0.55 -1.56
2014-5-24T16:45:13.237 27.91 24.19 49.41 24.50 0.23 0.48 0.73 -9.09 25.21 -9.49 4.00 0.35 -1.64
2014-5-24T16:45:14.246 27.96 24.19 78.37 24.50 0.27 0.48 0.75 -9.09 25.21 -9.49 3.88 0.18 -1.55
2014-5-24T16:45:15.253 28.02 24.19 78.38 24.50 0.38 0.50 0.64 -9.06 25.21 -8.85 2.98 0.14 -1.40
2014-5-24T16:45:16.261 28.06 24.22 71.14 24.59 0.34 0.47 0.73 -9.06 25.21 -8.85 2.85 0.36 -1.12
2014-5-24T16:45:17.268 28.17 24.22 71.15 24.59 0.27 0.47 0.75 -9.03 25.36 -9.43 3.19 0.13 -1.47
2014-5-24T16:45:18.275 27.99 24.22 63.91 24.59 0.30 0.47 0.75 -9.03 25.36 -9.43 3.30 0.01 -1.21
2014-5-24T16:45:19.281 27.34 24.22 63.90 24.59 0.36 0.50 0.80 -9.12 25.42 -8.79 3.45 0.38 -1.43
2014-5-24T16:45:20.289 27.21 24.25 63.90 24.59 0.36 0.50 0.80 -9.12 25.42 -8.79 2.88 0.44 -1.20
2014-5-24T16:45:21.295 27.33 24.25 49.42 24.59 0.36 0.50 0.80 -9.06 25.39 -8.97 2.69 0.10 -0.91
2014-5-24T16:45:22.302 27.33 24.25 49.42 24.68 0.23 0.56 0.89 -9.06 25.39 -8.97 3.52 0.45 -1.59
2014-5-24T16:45:23.308 27.33 24.25 49.42 24.68 0.25 0.52 0.78 -9.16 25.36 -9.12 2.84 0.09 -1.23
2014-5-24T16:45:24.315 27.71 24.25 49.42 24.68 0.25 0.52 0.78 -9.09 25.15 -9.19 3.30 0.25 -1.48
2014-5-24T16:45:25.321 27.71 24.25 71.14 24.68 0.33 0.50 0.70 -9.09 25.15 -9.19 2.99 0.06 -1.08
2014-5-24T16:45:26.326 27.71 24.25 71.14 24.68 0.28 0.45 0.70 -9.09 25.15 -9.19 2.95 0.27 -1.28
2014-5-24T16:45:27.332 28.46 24.28 1874.13 24.68 0.30 0.45 0.75 -9.34 25.12 -9.09 2.87 0.27 -1.31
2014-5-24T16:45:28.339 28.31 24.31 1874.13 24.68 0.30 0.45 0.75 -9.16 25.42 -8.79 3.01 -0.05 -1.14
2014-5-24T16:45:29.345 28.33 24.31 34.94 24.68 0.34 0.47 0.75 -9.16 25.42 -8.79 3.27 0.23 -1.33
2014-5-24T16:45:30.352 28.24 24.31 34.94 24.76 0.25 0.48 0.75 -9.09 25.18 -9.03 2.90 0.18 -1.15
2014-5-24T16:45:31.358 28.04 24.31 42.18 24.76 0.28 0.50 0.75 -9.09 25.18 -9.03 2.75 0.32 -1.10
2014-5-24T16:45:32.365 27.83 24.34 42.18 24.76 0.31 0.48 0.77 -9.09 25.18 -9.03 3.17 0.43 -1.41
2014-5-24T16:45:33.371 27.85 24.34 27.70 24.76 0.27 0.48 0.78 -9.12 25.45 -9.12 2.92 0.20 -1.21
2014-5-24T16:45:34.377 27.67 24.34 27.70 24.76 0.27 0.48 0.78 -9.12 25.45 -9.12 2.87 0.07 -1.21
2014-5-24T16:45:35.384 27.27 24.34 1867.13 24.76 0.27 0.48 0.78 -9.19 24.96 -9.09 2.88 0.22 -1.10
2014-5-24T16:45:36.391 27.27 24.34 1867.13 24.85 0.28 0.52 0.80 -9.19 24.96 -9.09 2.47 0.14 -1.27
2014-5-24T16:45:37.398 27.82 24.38 1867.17 24.85 0.30 0.50 0.75 -9.09 25.33 -9.43 2.33 0.13 -1.18
2014-5-24T16:45:38.404 28.17 24.38 1867.17 24.85 0.30 0.50 0.75 -9.28 25.15 -7.05 2.50 0.27 -1.17
2014-5-24T16:45:39.410 28.17 24.38 1867.19 24.85 0.28 0.48 0.77 -9.28 25.15 -7.05 2.96 0.23 -1.28
2014-5-24T16:45:40.415 28.74 24.41 27.70 24.85 0.28 0.45 0.77 -9.22 25.15 -7.87 3.06 0.14 -1.18
2014-5-24T16:45:41.422 28.96 24.41 27.71 24.85 0.28 0.45 0.77 -9.22 25.15 -7.87 2.87 0.18 -1.37
2014-5-24T16:45:42.427 29.26 24.44 1852.75 24.85 0.33 0.52 0.78 -9.22 25.15 -7.87 2.70 0.40 -1.24
2014-5-24T16:45:43.434 28.95 24.44 1852.85 24.93 0.34 0.45 0.75 -9.22 25.12 -8.15 2.75 0.18 -1.22
2014-5-24T16:45:44.440 28.88 24.44 1838.37 24.93 0.30 0.50 0.75 -9.16 25.09 -7.05 2.60 0.48 -1.30
2014-5-24T16:45:45.447 28.76 24.47 1838.41 24.93 0.30 0.47 0.75 -9.16 25.09 -7.05 2.61 0.18 -1.14
2014-5-24T16:45:46.455 28.87 24.47 1845.65 24.93 0.25 0.52 0.77 -9.00 25.18 -10.89 2.48 -0.14 -1.11
2014-5-24T16:45:47.463 29.09 24.47 1845.63 24.93 0.31 0.45 0.77 -9.00 25.18 -10.89 3.13 0.08 -1.19
2014-5-24T16:45:48.470 29.17 24.50 1831.15 25.02 0.22 0.52 0.80 -9.19 25.33 -9.49 2.94 0.17 -1.15
2014-5-24T16:45:49.478 29.02 24.50 1831.15 25.02 0.30 0.44 0.75 -9.19 25.33 -9.49 2.78 0.24 -1.29
2014-5-24T16:45:50.486 29.37 24.50 1831.26 25.02 0.38 0.48 0.70 -9.19 25.15 -9.06 1.69 -0.75 -0.59
2014-5-24T16:45:51.493 29.53 24.53 1852.99 25.02 0.30 0.50 0.80 -9.19 25.15 -9.06 2.16 0.13 -1.01
2014-5-24T16:45:52.501 29.09 24.53 1853.04 25.02 0.33 0.48 0.75 -9.00 24.99 -9.25 2.46 0.14 -1.04
2014-5-24T16:45:53.508 28.74 24.53 1838.55 25.02 0.34 0.47 0.69 -9.00 24.99 -9.25 3.18 0.23 -1.38
2014-5-24T16:45:54.516 27.85 24.56 1838.57 25.10 0.23 0.55 0.81 -9.12 25.18 -9.06 3.01 0.02 -1.06
2014-5-24T16:45:55.524 27.45 24.56 1802.35 25.10 0.25 0.50 0.81 -9.12 25.18 -9.06 2.69 0.14 -1.42
2014-5-24T16:45:56.531 27.81 24.56 1802.46 25.10 0.38 0.48 0.67 -9.06 25.05 -8.76 3.22 0.02 -1.25
2014-5-24T16:45:57.538 28.33 24.59 1780.73 25.10 0.30 0.48 0.70 -9.06 25.05 -8.76 2.33 0.23 -1.25
2014-5-24T16:45:58.545 28.80 24.59 1780.74 25.10 0.28 0.52 0.75 -9.22 25.15 -9.34 2.82 0.21 -1.28
2014-5-24T16:45:59.553 28.71 24.59 1773.49 25.10 0.31 0.47 0.75 -9.22 25.15 -9.34 3.03 0.08 -1.31
2014-5-24T16:46:0.560 28.36 24.59 1773.58 25.19 0.31 0.47 0.75 -9.22 25.24 -7.78 2.75 0.12 -1.20
2014-5-24T16:46:1.565 28.59 24.63 1795.32 25.19 0.28 0.50 0.78 -9.22 25.24 -7.78 2.69 0.05 -1.26
2014-5-24T16:46:2.573 28.59 24.63 1795.36 25.19 0.31 0.47 0.75 -9.22 24.96 -7.60 3.20 0.14 -1.42
2014-5-24T16:46:3.581 29.03 24.63 1766.38 25.19 0.31 0.47 0.75 -9.22 24.96 -7.60 3.67 0.29 -1.69
2014-5-24T16:46:4.587 29.03 24.63 1766.38 25.19 0.33 0.47 0.77 -9.06 24.93 -7.90 3.50 0.27 -1.66
2014-5-24T16:46:5.593 28.76 24.66 1766.46 25.28 0.28 0.45 0.75 -9.06 24.93 -7.90 3.04 0.19 -1.11
2014-5-24T16:46:6.599 28.20 24.66 1780.95 25.28 0.30 0.47 0.75 -9.06 24.93 -7.90 3.01 0.15 -1.39
2014-5-24T16:46:7.606 28.23 24.69 1780.98 25.28 0.30 0.47 0.75 -9.06 24.93 -7.90 3.01 0.15 -1.39
2014-5-24T16:46:8.613 28.39 24.69 1773.74 25.28 0.30 0.48 0.77 -9.31 24.90 -8.00 2.91 0.11 -1.34
2014-5-24T16:46:9.621 28.41 24.69 1773.79 25.28 0.28 0.48 0.75 -9.31 24.90 -8.00 3.07 0.22 -1.30
2014-5-24T16:46:10.627 28.52 24.69 1737.56 25.28 0.28 0.48 0.75 -9.06 25.09 -7.51 3.03 0.18 -1.43
2014-5-24T16:46:11.634 28.11 24.72 1737.63 25.28 0.30 0.47 0.75 -9.06 25.09 -7.51 2.94 0.12 -1.40
2014-5-24T16:46:12.641 28.11 24.72 1744.88 25.36 0.28 0.47 0.75 -9.25 25.12 -7.90 3.05 0.34 -1.34
2014-5-24T16:46:13.654 27.93 24.72 1744.90 25.36 0.30 0.47 0.75 -9.25 25.12 -7.90 2.78 0.36 -1.36
2014-5-24T16:46:14.661 27.59 24.72 1759.39 25.36 0.28 0.48 0.75 -9.25 24.99 -7.90 3.04 0.16 -1.28
2014-5-24T16:46:15.675 27.78 24.75 1759.47 25.36 0.30 0.48 0.77 -9.25 24.99 -7.90 2.79 0.38 -1.34
2014-5-24T16:46:16.682 27.92 24.75 1752.23 25.36 0.30 0.48 0.77 -9.00 24.96 -8.24 3.10 0.25 -1.27
2014-5-24T16:46:17.688 27.80 24.75 1752.28 25.36 0.30 0.47 0.77 -9.00 24.96 -8.24 2.97 0.23 -1.31
2014-5-24T16:46:18.701 28.07 24.75 1752.28 25.36 0.28 0.47 0.75 -9.12 24.84 -8.06 3.09 0.29 -1.18
2014-5-24T16:46:19.709 27.85 24.75 1723.29 25.45 0.31 0.48 0.77 -9.12 24.84 -8.06 3.06 0.29 -1.10
2014-5-24T16:46:20.715 28.15 24.78 1723.36 25.45 0.28 0.47 0.75 -9.12 25.12 -7.84 2.85 0.27 -1.27
2014-5-24T16:46:21.723 28.15 24.78 1752.35 25.45 0.30 0.48 0.75 -9.12 25.12 -7.84 2.99 0.13 -1.13
2014-5-24T16:46:22.729 28.11 24.78 1752.36 25.45 0.28 0.47 0.75 -9.16 25.02 -7.66 3.09 0.21 -1.20
2014-5-24T16:46:23.738 28.57 24.78 1737.87 25.45 0.30 0.48 0.77 -9.16 25.02 -7.66 2.69 0.11 -1.41
2014-5-24T16:46:24.746 28.56 24.81 1738.10 25.45 0.31 0.47 0.77 -9.00 24.99 -7.54 2.86 0.31 -1.22
2014-5-24T16:46:25.752 28.56 24.81 1709.11 25.45 0.28 0.48 0.77 -9.00 24.99 -7.54 2.88 0.18 -1.24
2014-5-24T16:46:26.760 27.87 24.81 1709.01 25.45 0.30 0.47 0.77 -9.03 24.69 -7.97 2.89 0.18 -1.24
2014-5-24T16:46:27.767 28.05 24.81 1694.52 25.45 0.30 0.47 0.75 -9.03 24.69 -7.97 2.79 0.18 -1.49
2014-5-24T16:46:28.775 28.12 24.81 1694.47 25.45 0.28 0.48 0.77 -8.82 24.72 -7.81 2.97 0.25 -1.29
2014-5-24T16:46:29.782 28.37 24.84 1716.21 25.53 0.28 0.47 0.75 -8.82 24.72 -7.81 2.76 0.20 -1.31
2014-5-24T16:46:30.790 28.33 24.84 1716.31 25.53 0.28 0.48 0.77 -8.70 24.75 -7.63 2.83 0.22 -1.38
2014-5-24T16:46:31.797 28.28 24.84 1723.55 25.53 0.30 0.45 0.77 -8.70 24.75 -7.63 2.82 0.14 -1.26
2014-5-24T16:46:32.805 28.28 24.84 1723.63 25.53 0.28 0.47 0.75 -8.94 24.78 -8.03 2.93 0.22 -1.28
2014-5-24T16:46:33.813 28.33 24.84 1723.63 25.53 0.27 0.48 0.77 -8.94 24.78 -8.03 3.03 0.14 -1.27
2014-5-24T16:46:34.821 28.36 24.88 1709.14 25.53 0.30 0.48 0.75 -8.94 24.81 -7.54 2.93 0.14 -1.62
2014-5-24T16:46:35.828 28.36 24.88 1709.07 25.53 0.30 0.47 0.75 -8.94 24.81 -7.54 3.05 0.08 -1.21
2014-5-24T16:46:36.836 28.20 24.88 1709.07 25.53 0.30 0.48 0.77 -8.94 24.75 -8.58 2.83 0.19 -1.21
2014-5-24T16:46:37.842 28.31 24.88 1709.14 25.53 0.30 0.47 0.77 -8.94 24.75 -8.58 2.89 0.05 -1.16
2014-5-24T16:46:38.849 28.09 24.88 1716.39 25.53 0.28 0.50 0.77 -8.88 24.99 -8.09 3.01 0.20 -1.36
2014-5-24T16:46:39.857 28.45 24.88 1716.48 25.53 0.30 0.47 0.75 -8.88 24.99 -8.09 2.83 0.36 -1.37
2014-5-24T16:46:40.865 28.70 24.91 1680.25 25.53 0.30 0.45 0.77 -8.94 24.81 -8.15 2.94 0.23 -1.34
2014-5-24T16:46:41.871 28.57 24.91 1680.24 25.62 0.30 0.48 0.77 -8.94 24.81 -8.15 2.78 0.31 -1.43
2014-5-24T16:46:42.879 28.50 24.91 1665.74 25.62 0.28 0.48 0.77 -9.16 24.87 -8.39 2.92 0.27 -1.54
2014-5-24T16:46:43.887 28.06 24.91 1665.91 25.62 0.30 0.47 0.77 -9.16 24.87 -8.39 3.07 0.23 -1.18
2014-5-24T16:46:44.894 27.97 24.91 1665.91 25.62 0.28 0.47 0.75 -9.03 25.02 -8.36 2.90 0.13 -1.22
2014-5-24T16:46:45.901 28.01 24.91 1665.82 25.62 0.27 0.47 0.73 -9.03 25.02 -8.36 2.67 0.12 -1.42
2014-5-24T16:46:46.908 27.92 24.91 1658.57 25.62 0.30 0.48 0.75 -8.97 24.72 -7.97 2.88 -0.02 -1.27
2014-5-24T16:46:47.916 28.22 24.94 1658.61 25.62 0.30 0.47 0.75 -8.97 24.72 -7.97 3.01 0.44 -1.31
2014-5-24T16:46:48.924 28.38 24.94 1658.61 25.62 0.28 0.47 0.77 -9.03 24.78 -8.27 2.95 0.30 -1.22
2014-5-24T16:46:49.932 28.89 24.94 1644.11 25.62 0.30 0.47 0.77 -9.03 24.78 -8.27 2.69 0.21 -1.45
2014-5-24T16:46:50.940 28.58 24.94 1644.09 25.62 0.30 0.48 0.77 -8.94 24.87 -7.60 3.04 0.21 -1.22
2014-5-24T16:46:51.949 28.31 24.94 1665.84 25.62 0.30 0.47 0.77 -8.94 24.87 -7.60 3.04 0.19 -1.24
2014-5-24T16:46:52.956 28.45 24.94 1665.97 25.62 0.30 0.47 0.77 -9.06 24.69 -8.18 2.91 0.37 -1.37
2014-5-24T16:46:53.963 28.67 24.94 1651.47 25.62 0.28 0.48 0.75 -9.06 24.69 -8.18 2.98 0.19 -1.27
2014-5-24T16:46:54.970 28.61 24.97 1651.54 25.71 0.30 0.47 0.75 -9.03 24.99 -7.93 3.20 0.00 -1.32
2014-5-24T16:46:55.976 28.63 24.97 1629.79 25.71 0.30 0.48 0.77 -9.03 24.99 -7.93 3.23 -0.08 -1.21
2014-5-24T16:46:56.982 28.70 24.97 1629.74 25.71 0.28 0.48 0.75 -8.85 24.81 -8.39 2.85 0.23 -1.40
2014-5-24T16:46:57.990 28.55 24.97 1636.99 25.71 0.31 0.47 0.77 -8.85 24.81 -8.39 2.94 0.28 -1.27
2014-5-24T16:46:58.997 28.52 24.97 1637.06 25.71 0.31 0.47 0.75 -8.97 24.75 -8.18 3.06 0.41 -1.37
2014-5-24T16:47:0.004 28.43 24.97 1637.06 25.71 0.28 0.47 0.75 -8.97 24.75 -8.18 2.94 0.13 -1.37
2014-5-24T16:47:1.011 28.37 24.97 1637.07 25.71 0.30 0.48 0.75 -9.03 24.90 -8.24 3.01 0.12 -1.21
2014-5-24T16:47:2.025 28.29 25.00 1629.82 25.71 0.28 0.48 0.75 -9.03 24.90 -8.24 2.99 0.19 -1.40
2014-5-24T16:47:3.032 28.29 25.00 1629.87 25.71 0.30 0.47 0.77 -8.91 24.87 -8.09 3.14 0.24 -1.27
2014-5-24T16:47:4.040 28.20 25.00 1629.87 25.71 0.30 0.47 0.77 -8.91 24.87 -8.09 3.04 0.14 -1.33
2014-5-24T16:47:5.048 28.29 25.00 1629.87 25.71 0.28 0.47 0.75 -8.97 24.75 -8.00 3.02 0.06 -1.34
2014-5-24T16:47:6.054 28.36 25.00 1629.89 25.71 0.28 0.48 0.75 -8.97 24.75 -8.00 2.98 0.24 -1.32
2014-5-24T16:47:7.062 28.67 25.00 1600.89 25.71 0.28 0.48 0.77 -8.91 24.93 -8.24 2.96 0.06 -1.24
2014-5-24T16:47:8.070 28.67 25.00 1600.94 25.71 0.30 0.47 0.75 -8.91 24.93 -8.24 2.99 0.27 -1.37
2014-5-24T16:47:9.076 28.77 25.03 1615.44 25.71 0.30 0.47 0.75 -8.79 24.66 -7.93 3.07 0.19 -1.40
2014-5-24T16:47:10.084 28.79 25.03 1615.46 25.71 0.28 0.47 0.75 -8.79 24.66 -7.93 3.13 0.17 -1.29
2014-5-24T16:47:11.092 28.70 25.03 1615.46 25.71 0.30 0.48 0.77 -9.03 24.66 -8.58 3.01 0.02 -1.31
2014-5-24T16:47:12.099 28.77 25.03 1615.49 25.79 0.28 0.48 0.75 -9.03 24.66 -8.58 2.96 0.07 -1.43
2014-5-24T16:47:13.107 28.61 25.03 1637.24 25.79 0.28 0.48 0.77 -8.88 24.84 -8.03 2.98 0.18 -1.35
2014-5-24T16:47:14.115 28.48 25.03 1637.12 25.79 0.30 0.47 0.75 -8.88 24.84 -8.03 2.98 0.18 -1.35
2014-5-24T16:47:15.122 28.41 25.03 1644.37 25.79 0.28 0.48 0.75 -8.91 24.75 -8.09 2.87 0.06 -1.47
2014-5-24T16:47:16.130 28.19 25.03 1644.49 25.79 0.27 0.47 0.77 -8.91 24.75 -8.09 2.87 0.06 -1.47
2014-5-24T16:47:17.137 28.35 25.06 1637.24 25.79 0.28 0.47 0.75 -8.88 24.72 -7.60 3.13 0.11 -1.46
2014-5-24T16:47:18.145 28.18 25.06 1637.26 25.79 0.28 0.47 0.75 -8.88 24.72 -7.60 3.01 0.09 -1.29
2014-5-24T16:47:19.152 28.18 25.06 1637.26 25.79 0.28 0.48 0.75 -8.97 24.87 -8.27 3.01 0.21 -1.20
2014-5-24T16:47:20.160 28.42 25.06 1651.76 25.79 0.28 0.47 0.75 -8.97 24.87 -8.27 2.98 0.09 -1.37
2014-5-24T16:47:21.168 28.51 25.06 1651.76 25.79 0.30 0.47 0.75 -9.16 24.93 -8.30 2.85 0.31 -1.21
2014-5-24T16:47:22.174 28.40 25.06 1644.51 25.79 0.28 0.47 0.75 -9.16 24.93 -8.30 3.02 0.14 -1.37
2014-5-24T16:47:23.180 28.27 25.06 1644.60 25.79 0.30 0.47 0.77 -8.94 24.84 -8.42 2.97 0.18 -1.40
2014-5-24T16:47:24.187 28.33 25.06 1630.10 25.79 0.28 0.47 0.75 -8.94 24.84 -8.42 2.98 0.13 -1.34
2014-5-24T16:47:25.196 28.38 25.06 1630.04 25.79 0.28 0.47 0.75 -9.00 24.90 -7.78 2.94 0.05 -1.47
2014-5-24T16:47:26.204 28.32 25.09 1615.54 25.79 0.30 0.48 0.75 -9.00 24.90 -7.78 2.93 0.23 -1.15
2014-5-24T16:47:27.211 28.34 25.09 1615.58 25.79 0.30 0.47 0.75 -8.85 24.90 -8.03 2.88 -0.08 -1.29
2014-5-24T16:47:28.219 28.50 25.09 1608.33 25.79 0.28 0.47 0.75 -8.85 24.90 -8.03 3.14 0.21 -1.40
2014-5-24T16:47:29.227 28.50 25.09 1608.45 25.79 0.28 0.47 0.75 -8.94 24.84 -7.39 2.89 0.14 -1.31
2014-5-24T16:47:30.235 28.48 25.09 1586.70 25.79 0.30 0.48 0.77 -8.94 24.84 -7.39 3.07 0.07 -1.31
2014-5-24T16:47:31.242 28.16 25.09 1586.67 25.79 0.28 0.47 0.75 -9.16 24.69 -7.69 2.88 -0.02 -1.26
2014-5-24T16:47:32.255 28.16 25.09 1601.17 25.79 0.30 0.47 0.77 -9.16 24.69 -7.69 3.04 -0.02 -1.30
2014-5-24T16:47:33.263 27.81 25.09 1601.14 25.79 0.28 0.47 0.73 -8.91 24.81 -7.87 3.00 0.18 -1.18
2014-5-24T16:47:34.270 28.01 25.09 1601.14 25.79 0.30 0.47 0.75 -8.91 24.81 -7.87 3.10 0.10 -1.30
2014-5-24T16:47:35.276 28.33 25.13 1601.14 25.79 0.28 0.47 0.77 -8.91 24.60 -8.21 3.14 0.14 -1.35
2014-5-24T16:47:36.289 28.31 25.13 1601.23 25.79 0.28 0.47 0.75 -8.91 24.60 -8.21 2.85 0.19 -1.28
2014-5-24T16:47:37.296 28.26 25.13 1564.97 25.79 0.28 0.47 0.75 -8.88 24.84 -7.97 3.02 0.05 -1.14
2014-5-24T16:47:38.304 28.55 25.13 1565.00 25.79 0.28 0.47 0.75 -8.88 24.84 -7.97 2.92 0.02 -1.32
2014-5-24T16:47:39.310 28.55 25.13 1572.25 25.79 0.28 0.47 0.77 -9.06 24.81 -8.48 2.88 0.09 -1.25
2014-5-24T16:47:40.318 28.35 25.13 1572.26 25.79 0.28 0.47 0.75 -9.06 24.81 -8.48 3.07 0.34 -1.22
2014-5-24T16:47:41.326 28.37 25.13 1565.01 25.90 0.30 0.47 0.75 -8.94 24.96 -8.54 2.78 0.36 -1.30
2014-5-24T16:47:42.334 28.17 25.13 1565.00 25.90 0.28 0.47 0.77 -8.94 24.96 -8.54 3.04 0.20 -1.17
2014-5-24T16:47:43.341 28.42 25.13 1565.00 25.90 0.28 0.47 0.75 -9.03 24.84 -8.39 2.95 0.08 -1.24
2014-5-24T16:47:44.348 28.44 25.13 1565.01 25.90 0.30 0.47 0.75 -8.91 24.84 -7.81 3.18 0.20 -1.36
2014-5-24T16:47:45.357 28.44 25.13 1565.01 25.90 0.30 0.47 0.77 -8.91 24.84 -7.81 2.97 0.20 -1.29
2014-5-24T16:47:46.364 28.58 25.13 1565.01 25.90 0.30 0.47 0.77 -8.91 24.84 -7.81 3.00 0.31 -1.23
2014-5-24T16:47:47.372 28.52 25.16 1565.01 25.90 0.28 0.47 0.77 -8.85 24.78 -8.06 2.79 0.08 -1.18
2014-5-24T16:47:48.380 28.61 25.16 1565.09 25.90 0.28 0.48 0.77 -8.97 24.78 -7.90 2.84 0.18 -1.14
2014-5-24T16:47:49.388 28.43 25.16 1565.09 25.90 0.28 0.48 0.75 -8.97 24.78 -7.90 2.82 0.14 -1.39
2014-5-24T16:47:50.396 28.47 25.16 1557.84 25.90 0.28 0.47 0.77 -8.79 24.84 -8.09 2.93 0.21 -1.24
2014-5-24T16:47:51.404 28.36 25.16 1557.85 25.90 0.28 0.47 0.77 -8.79 24.84 -8.09 2.97 0.14 -1.29
2014-5-24T16:47:52.410 28.39 25.16 1565.10 25.90 0.30 0.47 0.75 -8.91 24.66 -8.30 2.85 0.10 -1.17
2014-5-24T16:47:53.418 28.50 25.16 1565.24 25.90 0.30 0.47 0.77 -8.91 24.66 -8.30 2.96 0.04 -1.30
2014-5-24T16:47:54.426 28.43 25.16 1557.99 25.90 0.30 0.47 0.75 -8.88 24.63 -8.61 2.94 0.29 -1.26
2014-5-24T16:47:55.433 28.39 25.16 1557.94 25.90 0.30 0.47 0.75 -8.88 24.63 -8.61 2.95 0.09 -1.27
2014-5-24T16:47:56.440 28.43 25.16 1557.94 25.90 0.28 0.48 0.77 -8.79 24.78 -8.06 2.91 0.10 -1.20
2014-5-24T16:47:57.447 28.32 25.16 1557.92 25.90 0.28 0.47 0.77 -8.79 24.78 -8.06 2.91 0.08 -1.30
2014-5-24T16:47:58.455 28.64 25.19 1543.42 25.90 0.28 0.47 0.75 -9.03 24.87 -8.42 3.11 0.14 -1.31
2014-5-24T16:47:59.462 28.82 25.19 1543.44 25.90 0.31 0.48 0.77 -9.03 24.87 -8.42 3.04 0.31 -1.26
2014-5-24T16:48:0.470 28.75 25.19 1550.69 25.90 0.28 0.47 0.77 -8.97 24.72 -8.03 2.88 0.18 -1.18
2014-5-24T16:48:1.477 28.86 25.19 1550.67 25.90 0.30 0.50 0.77 -8.97 24.72 -8.03 3.03 0.19 -1.31
2014-5-24T16:48:2.485 28.73 25.19 1536.16 25.90 0.28 0.47 0.75 -8.79 24.66 -8.30 2.98 0.07 -1.27
2014-5-24T16:48:3.493 28.60 25.19 1536.20 25.90 0.30 0.47 0.77 -8.79 24.66 -8.30 2.95 0.23 -1.34
2014-5-24T16:48:4.499 28.64 25.19 1536.20 25.90 0.28 0.47 0.75 -8.88 24.75 -8.42 2.89 0.31 -1.21
2014-5-24T16:48:5.505 28.60 25.19 1514.44 25.90 0.30 0.47 0.77 -8.88 24.75 -8.42 3.07 0.01 -1.50
2014-5-24T16:48:6.513 28.33 25.19 1514.48 25.90 0.28 0.45 0.75 -9.00 24.72 -8.24 2.92 0.11 -1.31
2014-5-24T16:48:7.520 28.13 25.19 1521.73 25.90 0.28 0.47 0.77 -9.00 24.72 -8.24 3.10 0.11 -1.24
2014-5-24T16:48:8.527 28.06 25.19 1521.87 25.98 0.28 0.48 0.77 -9.03 24.75 -8.42 3.07 0.38 -1.42
2014-5-24T16:48:9.534 28.26 25.19 1536.38 25.98 0.28 0.48 0.77 -9.03 24.75 -8.42 3.06 0.33 -1.24
2014-5-24T16:48:10.541 28.33 25.19 1536.27 25.98 0.30 0.47 0.75 -8.76 24.72 -8.18 3.11 0.15 -1.27
2014-5-24T16:48:11.548 28.36 25.22 1500.01 25.98 0.28 0.47 0.75 -8.76 24.72 -8.18 3.06 0.19 -1.11
2014-5-24T16:48:12.557 28.36 25.22 1499.97 25.98 0.28 0.48 0.77 -8.91 24.66 -7.42 2.92 0.10 -1.35
2014-5-24T16:48:13.564 28.27 25.22 1521.73 25.98 0.30 0.48 0.75 -8.91 24.66 -7.42 3.10 0.21 -1.31
2014-5-24T16:48:14.570 28.21 25.22 1521.74 25.98 0.28 0.48 0.77 -9.06 24.66 -8.58 2.99 0.09 -1.40
2014-5-24T16:48:15.578 28.05 25.22 1521.74 25.98 0.28 0.47 0.75 -9.06 24.66 -8.58 3.19 -0.03 -1.13
2014-5-24T16:48:16.585 28.05 25.22 1521.79 25.98 0.30 0.47 0.75 -8.97 24.81 -8.00 2.94 0.11 -1.30
2014-5-24T16:48:17.593 28.07 25.22 1514.54 25.98 0.30 0.48 0.77 -8.97 24.81 -8.00 2.94 0.11 -1.29
2014-5-24T16:48:18.601 27.94 25.22 1514.54 25.98 0.28 0.47 0.75 -8.79 24.93 -8.27 2.86 0.28 -1.21
2014-5-24T16:48:19.609 28.21 25.22 1514.52 25.98 0.28 0.47 0.77 -8.79 24.93 -8.27 3.01 0.19 -1.33
2014-5-24T16:48:20.617 28.29 25.22 1529.03 25.98 0.30 0.48 0.77 -9.12 24.72 -7.81 3.12 0.12 -1.46
2014-5-24T16:48:21.625 28.25 25.22 1529.03 25.98 0.28 0.47 0.75 -9.12 24.72 -7.81 3.21 0.19 -1.30
2014-5-24T16:48:22.634 28.27 25.22 1500.02 25.98 0.28 0.47 0.77 -8.85 24.75 -8.18 3.03 0.22 -1.43
2014-5-24T16:48:23.647 28.34 25.22 1500.06 25.98 0.28 0.45 0.75 -8.85 24.75 -8.18 2.88 0.22 -1.17
2014-5-24T16:48:24.654 28.21 25.22 1500.06 25.98 0.30 0.47 0.77 -8.97 24.84 -7.93 3.05 0.06 -1.24
2014-5-24T16:48:25.661 28.26 25.25 1500.01 25.98 0.28 0.48 0.77 -8.97 24.84 -7.93 3.11 0.16 -1.49
2014-5-24T16:48:26.667 28.42 25.25 1500.01 25.98 0.27 0.47 0.75 -8.97 24.78 -8.33 2.95 0.18 -1.38
2014-5-24T16:48:27.673 28.57 25.25 1500.14 25.98 0.30 0.48 0.77 -8.97 24.78 -8.33 3.04 0.16 -1.14
2014-5-24T16:48:28.686 28.42 25.25 1478.38 25.98 0.28 0.47 0.77 -8.94 24.99 -8.82 2.96 0.10 -1.37
2014-5-24T16:48:29.693 28.37 25.25 1478.34 25.98 0.30 0.47 0.75 -8.94 24.99 -8.82 2.88 0.03 -1.31
2014-5-24T16:48:30.701 28.31 25.25 1485.59 25.98 0.28 0.47 0.75 -8.67 24.84 -8.18 3.04 0.33 -1.17
2014-5-24T16:48:31.709 28.35 25.25 1485.57 25.98 0.28 0.47 0.75 -8.67 24.84 -8.18 2.89 0.23 -1.37
2014-5-24T16:48:32.715 28.44 25.25 1500.08 25.98 0.28 0.48 0.75 -9.00 24.84 -7.90 2.89 0.26 -1.34
2014-5-24T16:48:33.722 28.48 25.25 1500.08 25.98 0.28 0.47 0.75 -9.00 24.84 -7.90 2.93 0.11 -1.21
2014-5-24T16:48:34.730 28.37 25.25 1500.16 25.98 0.28 0.48 0.77 -8.73 24.87 -8.45 3.02 0.00 -1.38
2014-5-24T16:48:35.736 28.33 25.25 1471.14 25.98 0.28 0.47 0.77 -8.73 24.87 -8.45 3.12 0.12 -1.35
2014-5-24T16:48:36.743 28.22 25.25 1471.09 26.07 0.28 0.45 0.77 -8.88 24.75 -8.39 3.01 0.19 -1.28
2014-5-24T16:48:37.751 28.06 25.25 1471.09 26.07 0.28 0.45 0.77 -8.88 24.75 -8.39 3.11 -0.02 -1.19
2014-5-24T16:48:38.758 28.28 25.25 1471.15 26.07 0.28 0.47 0.75 -8.91 24.72 -8.21 3.04 0.10 -1.34
2014-5-24T16:48:39.766 28.28 25.25 1478.41 26.07 0.28 0.48 0.77 -8.91 24.72 -8.21 2.97 0.03 -1.20
2014-5-24T16:48:40.774 28.55 25.25 1478.47 26.07 0.27 0.47 0.77 -9.00 24.78 -7.75 3.01 0.07 -1.24
2014-5-24T16:48:41.781 28.54 25.28 1471.22 26.07 0.30 0.47 0.75 -9.00 24.78 -7.75 2.89 0.27 -1.38
2014-5-24T16:48:42.789 28.52 25.28 1471.18 26.07 0.30 0.48 0.77 -8.82 24.69 -8.30 2.91 0.12 -1.11
2014-5-24T16:48:43.796 28.49 25.28 1471.18 26.07 0.28 0.48 0.77 -8.82 24.69 -8.30 2.83 0.15 -1.17
2014-5-24T16:48:44.804 28.56 25.28 1471.19 26.07 0.30 0.45 0.75 -8.79 24.75 -8.39 3.09 0.03 -1.22
2014-5-24T16:48:45.812 28.56 25.28 1456.68 26.07 0.28 0.48 0.75 -8.79 24.75 -8.39 2.96 0.21 -1.43
2014-5-24T16:48:46.819 28.54 25.28 1456.66 26.07 0.28 0.48 0.77 -8.82 24.78 -7.97 2.88 0.21 -1.40
2014-5-24T16:48:47.826 28.45 25.28 1492.92 26.07 0.27 0.48 0.77 -8.82 24.78 -7.97 2.98 0.08 -1.17
2014-5-24T16:48:48.840 28.52 25.28 1492.92 26.07 0.28 0.47 0.75 -8.91 24.75 -7.97 2.92 0.12 -1.30
2014-5-24T16:48:49.847 28.65 25.28 1493.00 26.07 0.30 0.47 0.77 -8.91 24.75 -7.97 2.91 0.25 -1.28
2014-5-24T16:48:50.854 28.43 25.28 1478.49 26.07 0.31 0.47 0.77 -8.94 24.66 -8.36 3.12 -0.02 -1.40
2014-5-24T16:48:51.861 28.43 25.28 1478.47 26.07 0.28 0.47 0.75 -8.94 24.66 -8.36 2.93 0.15 -1.24
2014-5-24T16:48:52.868 28.47 25.28 1478.47 26.07 0.30 0.47 0.75 -8.97 24.75 -8.09 3.11 0.18 -1.23
2014-5-24T16:48:53.875 28.45 25.28 1478.52 26.07 0.28 0.48 0.75 -8.97 24.75 -8.09 2.95 0.28 -1.24
2014-5-24T16:48:54.881 28.58 25.28 1464.01 26.07 0.28 0.45 0.75 -8.97 24.84 -8.42 3.23 0.11 -1.32
2014-5-24T16:48:55.888 28.63 25.28 1464.10 26.07 0.28 0.48 0.77 -8.97 24.84 -8.42 3.12 0.11 -1.27
2014-5-24T16:48:56.895 28.52 25.28 1493.12 26.07 0.28 0.48 0.77 -9.12 24.63 -8.18 3.14 0.18 -1.37
2014-5-24T16:48:57.903 28.49 25.28 1493.03 26.07 0.28 0.47 0.75 -9.12 24.63 -8.18 3.04 0.05 -1.23
2014-5-24T16:48:58.910 28.38 25.28 1464.02 26.07 0.27 0.48 0.77 -9.00 24.60 -8.06 2.96 0.18 -1.20
2014-5-24T16:48:59.916 28.30 25.31 1464.07 26.07 0.28 0.48 0.77 -9.00 24.60 -8.06 3.05 0.20 -1.24
2014-5-24T16:49:0.924 28.28 25.31 1442.31 26.07 0.28 0.48 0.75 -8.88 24.81 -7.97 3.11 0.11 -1.20
2014-5-24T16:49:1.930 28.39 25.31 1442.29 26.07 0.28 0.47 0.75 -8.88 24.81 -7.97 2.84 0.15 -1.08
2014-5-24T16:49:2.936 28.53 25.31 1427.78 26.07 0.28 0.48 0.75 -8.94 24.72 -8.03 3.04 0.02 -1.48
2014-5-24T16:49:3.942 28.46 25.31 1427.81 26.07 0.28 0.47 0.77 -8.94 24.72 -8.03 3.33 0.18 -0.97
2014-5-24T16:49:4.950 28.35 25.31 1427.81 26.07 0.30 0.48 0.75 -9.00 24.60 -8.27 3.01 0.06 -1.43
2014-5-24T16:49:5.958 28.35 25.31 1449.57 26.07 0.30 0.48 0.77 -9.00 24.60 -8.27 2.94 0.05 -1.08
2014-5-24T16:49:6.964 28.30 25.31 1449.60 26.07 0.27 0.48 0.77 -8.88 24.69 -8.39 3.06 0.08 -1.25
2014-5-24T16:49:7.972 28.19 25.31 1442.35 26.07 0.28 0.48 0.75 -8.88 24.69 -8.39 3.07 0.21 -1.19
2014-5-24T16:49:8.979 28.24 25.31 1442.36 26.07 0.30 0.48 0.77 -8.94 24.54 -7.87 3.07 0.23 -1.31
2014-5-24T16:49:9.986 28.15 25.31 1420.60 26.07 0.30 0.48 0.77 -8.94 24.54 -7.87 2.89 0.14 -1.30
2014-5-24T16:49:10.994 28.24 25.31 1420.68 26.07 0.28 0.47 0.75 -9.06 24.75 -8.09 2.91 0.26 -1.29
2014-5-24T16:49:12.001 28.19 25.31 1413.42 26.07 0.28 0.47 0.77 -9.06 24.75 -8.09 3.01 0.10 -1.42
2014-5-24T16:49:13.008 28.04 25.31 1413.30 26.07 0.28 0.48 0.77 -8.97 24.72 -8.09 3.13 0.24 -1.25
2014-5-24T16:49:14.015 28.13 25.31 1398.79 26.07 0.28 0.48 0.77 -8.97 24.72 -8.09 2.72 0.21 -1.17
2014-5-24T16:49:15.023 28.13 25.31 1398.83 26.07 0.30 0.48 0.75 -8.76 24.38 -7.84 3.07 0.08 -1.32
2014-5-24T16:49:16.029 28.21 25.31 1427.84 26.07 0.30 0.48 0.77 -8.76 24.38 -7.84 3.11 0.37 -1.50
2014-5-24T16:49:17.037 28.21 25.31 1427.91 26.07 0.31 0.47 0.77 -8.97 24.69 -7.90 3.09 0.10 -1.37
2014-5-24T16:49:18.045 28.27 25.34 1406.15 26.07 0.28 0.48 0.77 -8.97 24.69 -7.90 3.09 0.07 -1.26
2014-5-24T16:49:19.052 28.27 25.34 1406.15 26.07 0.27 0.50 0.77 -9.00 24.93 -8.09 2.92 0.21 -1.32
2014-5-24T16:49:20.059 28.43 25.34 1406.04 26.07 0.28 0.47 0.77 -9.00 24.93 -8.09 3.04 0.24 -1.25
2014-5-24T16:49:21.066 28.27 25.34 1449.56 26.07 0.28 0.47 0.75 -9.09 24.81 -7.78 2.97 0.03 -1.21
2014-5-24T16:49:22.074 28.34 25.34 1449.64 26.07 0.28 0.48 0.77 -9.09 24.81 -7.78 3.12 0.03 -1.10
2014-5-24T16:49:23.081 28.36 25.34 1420.62 26.07 0.27 0.47 0.77 -8.91 24.69 -7.78 3.11 0.32 -1.20
2014-5-24T16:49:24.088 28.27 25.34 1420.71 26.07 0.28 0.47 0.77 -8.91 24.69 -7.78 3.05 0.30 -1.22
2014-5-24T16:49:25.095 28.38 25.34 1420.71 26.07 0.30 0.47 0.75 -8.79 24.69 -7.81 3.01 0.17 -1.29
2014-5-24T16:49:26.103 28.38 25.34 1420.69 26.07 0.30 0.47 0.75 -8.79 24.69 -7.81 3.12 0.20 -1.14
2014-5-24T16:49:27.110 28.38 25.34 1420.69 26.07 0.28 0.47 0.75 -8.94 24.87 -8.91 2.87 0.08 -1.28
2014-5-24T16:49:28.117 28.31 25.34 1420.70 26.07 0.27 0.47 0.75 -8.94 24.87 -8.91 3.04 0.09 -1.18
2014-5-24T16:49:29.125 28.36 25.34 1391.68 26.07 0.28 0.48 0.75 -9.16 24.99 -8.24 3.04 0.09 -1.18
2014-5-24T16:49:30.131 27.71 25.34 1391.79 26.07 0.27 0.47 0.75 -9.16 24.99 -8.24 2.88 -0.04 -1.27
2014-5-24T16:49:31.137 27.76 25.34 1413.56 26.16 0.27 0.48 0.75 -8.94 24.72 -8.30 3.22 0.27 -1.20
2014-5-24T16:49:32.145 28.02 25.34 1413.47 26.07 0.30 0.48 0.77 -8.94 24.72 -8.30 2.99 0.11 -1.30
2014-5-24T16:49:33.152 27.89 25.34 1406.21 26.16 0.27 0.48 0.77 -8.88 24.57 -7.81 3.07 0.15 -1.32
2014-5-24T16:49:34.159 28.09 25.34 1406.17 26.07 0.27 0.48 0.77 -8.88 24.57 -7.81 3.11 0.21 -1.15
2014-5-24T16:49:35.166 28.36 25.34 1406.17 26.07 0.28 0.48 0.77 -8.85 24.66 -8.42 3.11 0.21 -1.15
2014-5-24T16:49:36.174 28.11 25.34 1406.17 26.16 0.28 0.47 0.75 -8.85 24.66 -8.42 3.06 0.14 -1.22
2014-5-24T16:49:37.182 28.22 25.34 1406.18 26.07 0.28 0.47 0.77 -9.12 24.69 -8.03 2.98 0.18 -1.35
2014-5-24T16:49:38.188 28.27 25.34 1413.43 26.16 0.28 0.47 0.77 -9.12 24.69 -8.03 2.98 0.18 -1.35
2014-5-24T16:49:39.196 28.43 25.34 1413.45 26.16 0.28 0.47 0.75 -8.94 24.96 -7.93 2.98 0.16 -1.35
2014-5-24T16:49:40.204 28.56 25.34 1449.72 26.16 0.28 0.47 0.75 -8.94 24.96 -7.93 3.01 0.21 -1.27
2014-5-24T16:49:41.212 28.38 25.34 1449.75 26.16 0.28 0.48 0.77 -9.03 24.84 -8.03 3.10 0.14 -1.15
2014-5-24T16:49:42.219 28.38 25.34 1449.75 26.16 0.28 0.48 0.77 -8.94 24.38 -8.73 3.18 0.19 -1.15
2014-5-24T16:49:43.225 28.38 25.34 1449.72 26.16 0.28 0.48 0.77 -8.94 24.38 -8.73 3.07 0.17 -1.36
2014-5-24T16:49:44.231 28.38 25.34 1406.19 26.16 0.27 0.48 0.77 -8.94 24.38 -8.73 3.07 0.17 -1.24
2014-5-24T16:49:45.238 28.21 25.38 1406.18 26.16 0.28 0.48 0.77 -8.97 24.75 -8.27 3.07 0.17 -1.24
2014-5-24T16:49:46.244 28.35 25.38 1413.43 26.16 0.28 0.48 0.77 -8.97 24.75 -8.27 3.03 0.16 -1.28
2014-5-24T16:49:47.249 28.52 25.38 1413.43 26.16 0.28 0.50 0.77 -9.12 24.81 -8.24 3.03 0.21 -1.30
2014-5-24T16:49:48.255 27.92 25.38 1413.44 26.16 0.28 0.48 0.75 -9.12 24.81 -8.24 3.09 0.29 -1.30
2014-5-24T16:49:49.263 28.41 25.38 1406.19 26.16 0.28 0.48 0.75 -8.88 24.54 -7.97 2.98 0.06 -1.22
2014-5-24T16:49:50.270 28.19 25.38 1406.23 26.16 0.28 0.47 0.77 -8.88 24.54 -7.97 3.11 0.08 -1.38
2014-5-24T16:49:51.278 28.19 25.38 1391.72 26.16 0.30 0.47 0.77 -8.79 24.75 -8.12 3.04 0.02 -1.17
2014-5-24T16:49:52.286 28.44 25.38 1391.71 26.16 0.30 0.47 0.77 -8.79 24.75 -8.12 2.94 0.26 -1.28
2014-5-24T16:49:53.294 28.35 25.38 1406.22 26.16 0.30 0.47 0.75 -9.12 24.72 -8.48 3.02 0.14 -1.17
2014-5-24T16:49:54.301 28.28 25.38 1406.25 26.16 0.28 0.47 0.75 -9.12 24.72 -8.48 3.03 0.14 -1.24
2014-5-24T16:49:55.308 28.72 25.38 1399.00 26.16 0.30 0.48 0.77 -8.82 24.75 -8.48 3.00 0.08 -1.35
2014-5-24T16:49:56.316 28.81 25.38 1399.00 26.16 0.30 0.48 0.77 -8.97 24.72 -8.64 3.05 0.12 -1.40
2014-5-24T16:49:57.323 28.50 25.38 1377.24 26.16 0.28 0.47 0.77 -8.97 24.72 -8.64 2.85 0.13 -1.22
2014-5-24T16:49:58.331 28.08 25.38 1377.23 26.16 0.28 0.48 0.77 -8.97 24.72 -8.64 3.04 0.14 -1.23
2014-5-24T16:49:59.338 27.86 25.38 1420.76 26.16 0.28 0.48 0.77 -8.91 24.72 -8.15 2.93 0.21 -1.24
2014-5-24T16:50:0.353 27.79 25.38 1420.84 26.16 0.28 0.47 0.77 -8.91 24.72 -8.15 3.20 0.19 -1.30
2014-5-24T16:50:1.360 28.12 25.38 1449.86 26.16 0.30 0.48 0.77 -9.00 24.63 -7.60 2.94 0.19 -1.40
2014-5-24T16:50:2.368 28.44 25.38 1449.80 26.16 0.30 0.48 0.77 -8.85 24.69 -8.21 3.01 0.11 -1.30
2014-5-24T16:50:3.374 28.21 25.38 1449.80 26.16 0.28 0.47 0.77 -8.85 24.69 -8.21 3.20 0.12 -1.35
2014-5-24T16:50:4.380 28.21 25.38 1413.52 26.16 0.27 0.48 0.75 -8.91 24.84 -8.03 3.11 0.20 -1.24
2014-5-24T16:50:5.387 28.24 25.38 1413.53 26.16 0.27 0.48 0.75 -8.91 24.84 -8.03 3.16 0.08 -1.27
2014-5-24T16:50:6.394 28.24 25.38 1406.28 26.16 0.28 0.48 0.77 -8.79 24.63 -8.39 3.07 0.12 -1.51
2014-5-24T16:50:7.399 28.26 25.38 1406.27 26.16 0.28 0.47 0.77 -8.79 24.63 -8.39 3.00 0.21 -1.34
2014-5-24T16:50:8.405 28.12 25.38 1399.01 26.16 0.28 0.47 0.77 -8.79 24.63 -8.39 3.14 0.03 -1.35
2014-5-24T16:50:9.412 28.24 25.38 1399.05 26.16 0.28 0.47 0.75 -8.91 24.66 -7.84 2.83 0.09 -1.42
2014-5-24T16:50:10.425 28.19 25.38 1399.05 26.16 0.28 0.47 0.75 -8.94 24.72 -7.63 3.12 0.24 -1.35
2014-5-24T16:50:11.433 28.24 25.38 1399.08 26.16 0.28 0.47 0.75 -8.94 24.72 -7.63 3.11 0.24 -1.24
2014-5-24T16:50:12.441 28.03 25.38 1399.08 26.16 0.27 0.47 0.77 -8.88 24.60 -8.39 3.08 0.27 -1.34
2014-5-24T16:50:13.449 27.97 25.38 1399.04 26.16 0.28 0.48 0.75 -8.88 24.60 -8.39 2.93 0.08 -1.19
2014-5-24T16:50:14.456 28.10 25.38 1406.29 26.16 0.28 0.47 0.75 -8.94 24.51 -8.03 3.14 0.21 -1.40
2014-5-24T16:50:15.463 28.26 25.38 1406.29 26.16 0.28 0.48 0.77 -8.94 24.51 -8.03 3.02 0.16 -1.24
2014-5-24T16:50:16.470 28.41 25.38 1457.08 26.16 0.28 0.47 0.75 -8.79 24.69 -8.27 2.86 0.05 -1.30
2014-5-24T16:50:17.478 28.30 25.38 1457.16 26.16 0.28 0.48 0.77 -8.79 24.69 -8.27 3.11 0.34 -1.19
2014-5-24T16:50:18.486 28.06 25.38 1420.89 26.16 0.27 0.48 0.77 -8.79 24.63 -7.97 3.10 0.31 -1.14
2014-5-24T16:50:19.493 28.12 25.38 1420.89 26.16 0.30 0.47 0.75 -8.79 24.63 -7.97 2.94 0.11 -1.13
2014-5-24T16:50:20.499 28.01 25.38 1420.83 26.16 0.28 0.50 0.77 -8.94 24.72 -8.64 3.30 0.22 -1.50
2014-5-24T16:50:21.505 28.12 25.38 1399.06 26.16 0.28 0.47 0.75 -8.94 24.72 -8.64 3.10 0.26 -1.49
2014-5-24T16:50:22.513 28.11 25.41 1399.13 26.16 0.28 0.48 0.77 -8.97 24.75 -8.54 2.72 0.12 -1.24
2014-5-24T16:50:23.520 28.29 25.41 1428.15 26.16 0.28 0.48 0.77 -8.97 24.75 -8.54 2.99 0.16 -1.34
2014-5-24T16:50:24.526 28.20 25.41 1428.12 26.16 0.27 0.47 0.75 -8.73 24.57 -8.06 2.98 0.21 -1.25
2014-5-24T16:50:25.532 28.20 25.41 1370.08 26.16 0.28 0.47 0.75 -8.73 24.57 -8.06 3.01 0.29 -1.25
2014-5-24T16:50:26.539 28.18 25.41 1370.14 26.16 0.30 0.47 0.75 -8.82 24.81 -8.36 3.05 0.06 -1.33
2014-5-24T16:50:27.547 28.11 25.41 1384.66 26.16 0.27 0.48 0.77 -8.82 24.81 -8.36 3.06 0.17 -1.33
2014-5-24T16:50:28.554 28.22 25.41 1384.58 26.16 0.30 0.48 0.77 -9.06 24.57 -7.90 3.03 0.11 -1.24
2014-5-24T16:50:29.560 28.09 25.41 1399.09 26.16 0.28 0.48 0.77 -9.06 24.57 -7.90 2.89 0.25 -1.21
2014-5-24T16:50:30.568 27.98 25.41 1399.10 26.16 0.28 0.48 0.77 -8.82 24.75 -8.21 3.01 0.07 -1.40
2014-5-24T16:50:31.575 28.38 25.41 1391.85 26.16 0.28 0.45 0.77 -8.82 24.75 -8.21 3.03 0.10 -1.44
2014-5-24T16:50:32.583 28.71 25.41 1391.85 26.16 0.30 0.47 0.75 -9.00 24.63 -8.00 3.03 0.23 -1.34
2014-5-24T16:50:33.589 28.51 25.41 1391.86 26.16 0.27 0.48 0.77 -9.00 24.63 -8.00 2.98 0.11 -1.26
2014-5-24T16:50:34.597 28.38 25.41 1377.35 26.16 0.28 0.47 0.75 -8.82 24.60 -7.90 2.86 0.21 -1.38
2014-5-24T16:50:35.605 28.02 25.41 1377.37 26.16 0.28 0.47 0.75 -8.82 24.60 -7.90 3.00 0.18 -1.23
2014-5-24T16:50:36.611 28.07 25.41 1370.11 26.16 0.25 0.48 0.77 -8.76 24.63 -8.33 3.07 0.35 -1.21
2014-5-24T16:50:37.619 28.18 25.41 1370.06 26.16 0.27 0.50 0.77 -8.76 24.63 -8.33 3.12 0.13 -1.19
2014-5-24T16:50:38.627 28.40 25.41 1370.06 26.16 0.30 0.47 0.75 -8.85 24.57 -8.09 2.93 0.26 -1.27
2014-5-24T16:50:39.635 28.31 25.41 1370.04 26.16 0.28 0.47 0.75 -8.85 24.57 -8.09 3.15 0.25 -1.27
2014-5-24T16:50:40.643 28.13 25.41 1384.55 26.16 0.30 0.48 0.75 -9.12 24.57 -8.21 2.91 0.00 -1.36
2014-5-24T16:50:41.651 28.07 25.41 1384.74 26.16 0.27 0.48 0.77 -9.12 24.57 -8.21 3.01 0.16 -1.27
2014-5-24T16:50:42.657 28.16 25.41 1384.74 26.16 0.27 0.48 0.75 -9.06 24.69 -8.06 2.92 0.24 -1.36
2014-5-24T16:50:43.670 28.11 25.41 1384.63 26.16 0.28 0.47 0.75 -9.06 24.69 -8.06 3.06 0.23 -1.28
2014-5-24T16:50:44.680 28.69 25.41 1406.40 26.16 0.30 0.48 0.77 -8.82 24.60 -8.48 3.08 0.12 -1.14
2014-5-24T16:50:45.688 28.54 25.41 1406.40 26.16 0.28 0.47 0.75 -8.82 24.60 -8.48 3.05 0.15 -1.34
2014-5-24T16:50:46.695 28.40 25.41 1399.14 26.16 0.28 0.47 0.75 -8.76 24.69 -8.42 3.07 0.10 -1.47
2014-5-24T16:50:47.703 28.29 25.41 1399.14 26.16 0.28 0.48 0.77 -8.76 24.69 -8.42 2.98 0.31 -1.31
2014-5-24T16:50:48.713 28.07 25.41 1399.10 26.16 0.28 0.47 0.75 -8.73 24.66 -8.51 2.82 0.22 -1.20
2014-5-24T16:50:49.719 28.11 25.41 1399.10 26.16 0.28 0.47 0.75 -8.73 24.66 -8.51 2.92 0.18 -1.33
2014-5-24T16:50:50.724 28.38 25.41 1399.13 26.16 0.28 0.48 0.75 -8.97 24.78 -8.12 2.94 0.18 -1.43
2014-5-24T16:50:51.730 28.38 25.41 1370.11 26.16 0.30 0.48 0.77 -8.97 24.78 -8.12 2.94 0.25 -1.31
2014-5-24T16:50:52.737 28.27 25.41 1370.14 26.16 0.30 0.48 0.77 -9.03 24.69 -8.58 2.98 0.14 -1.25
2014-5-24T16:50:53.745 28.49 25.41 1391.90 26.16 0.30 0.47 0.75 -9.03 24.69 -8.58 3.11 0.23 -1.30
2014-5-24T16:50:54.752 28.54 25.41 1391.92 26.16 0.27 0.47 0.77 -8.94 24.96 -8.39 3.03 0.17 -1.14
2014-5-24T16:50:55.760 28.29 25.41 1370.15 26.16 0.27 0.48 0.77 -8.94 24.96 -8.39 2.93 0.28 -1.11
2014-5-24T16:50:56.768 28.42 25.41 1370.19 26.16 0.28 0.47 0.75 -8.64 24.78 -8.24 2.91 0.24 -1.33
2014-5-24T16:50:57.775 28.51 25.41 1377.45 26.16 0.28 0.50 0.77 -8.64 24.78 -8.24 2.91 0.11 -1.28
2014-5-24T16:50:58.782 28.38 25.41 1377.34 26.16 0.28 0.47 0.75 -8.67 24.84 -8.12 3.00 0.08 -1.10
2014-5-24T16:50:59.790 28.29 25.41 1384.59 26.16 0.28 0.50 0.77 -8.67 24.84 -8.12 3.03 0.21 -0.98
2014-5-24T16:51:0.796 28.36 25.41 1384.60 26.16 0.30 0.48 0.75 -8.73 24.87 -8.30 3.01 0.14 -1.15
2014-5-24T16:51:1.804 28.27 25.41 1355.58 26.16 0.27 0.48 0.75 -8.73 24.87 -8.30 3.24 0.22 -1.43
2014-5-24T16:51:2.811 28.25 25.41 1355.58 26.16 0.27 0.47 0.77 -8.94 24.84 -7.54 3.00 0.05 -1.25
2014-5-24T16:51:3.818 28.00 25.41 1355.62 26.16 0.28 0.48 0.77 -8.94 24.84 -7.54 3.01 0.00 -1.08
2014-5-24T16:51:4.825 27.96 25.41 1391.90 26.16 0.28 0.45 0.75 -8.79 24.75 -8.48 3.15 -0.06 -1.21
2014-5-24T16:51:5.831 28.02 25.41 1391.94 26.16 0.30 0.48 0.77 -8.79 24.75 -8.48 3.23 0.05 -1.33
2014-5-24T16:51:6.838 28.02 25.41 1377.42 26.16 0.30 0.45 0.75 -8.85 24.87 -8.09 2.89 0.22 -1.13
2014-5-24T16:51:7.845 28.16 25.41 1377.39 26.16 0.30 0.45 0.75 -8.85 24.87 -8.09 2.84 0.34 -1.42
2014-5-24T16:51:8.851 28.16 25.41 1377.39 26.16 0.27 0.48 0.75 -8.82 24.90 -7.66 3.05 0.18 -1.25
2014-5-24T16:51:9.859 28.16 25.41 1377.39 26.16 0.28 0.48 0.77 -8.82 24.90 -7.66 3.08 0.43 -1.27
2014-5-24T16:51:10.867 28.27 25.41 1370.14 26.16 0.28 0.48 0.77 -8.64 24.96 -7.87 2.91 0.14 -1.38
2014-5-24T16:51:11.873 28.29 25.41 1370.24 26.16 0.28 0.47 0.77 -8.64 24.96 -7.87 2.93 0.27 -1.29
2014-5-24T16:51:12.881 28.22 25.41 1377.50 26.16 0.27 0.48 0.75 -8.91 25.05 -8.27 3.11 0.12 -1.29
2014-5-24T16:51:13.889 28.29 25.41 1377.41 26.16 0.28 0.48 0.77 -8.91 25.05 -8.27 3.01 0.24 -1.11
2014-5-24T16:51:14.896 28.18 25.41 1377.41 26.16 0.30 0.48 0.77 -9.00 24.87 -8.39 2.96 0.27 -1.34
2014-5-24T16:51:15.905 28.20 25.41 1377.57 26.16 0.28 0.47 0.77 -9.00 24.87 -8.39 3.16 0.23 -1.37
2014-5-24T16:51:16.913 28.27 25.41 1355.80 26.16 0.28 0.47 0.77 -8.85 24.81 -7.63 2.90 0.15 -1.33
2014-5-24T16:51:17.920 28.27 25.41 1355.80 26.16 0.30 0.45 0.75 -8.85 24.81 -7.63 3.06 0.21 -1.16
2014-5-24T16:51:18.926 28.38 25.41 1355.70 26.16 0.28 0.47 0.77 -8.82 24.72 -8.76 2.93 0.24 -1.24
2014-5-24T16:51:19.932 28.31 25.41 1370.18 26.16 0.28 0.47 0.77 -8.82 24.72 -8.76 2.83 0.27 -1.21
2014-5-24T16:51:20.939 28.40 25.41 1370.18 26.16 0.30 0.47 0.75 -8.94 24.63 -7.87 3.02 -0.05 -1.27
2014-5-24T16:51:21.944 28.40 25.41 1362.93 26.16 0.30 0.47 0.75 -8.94 24.63 -7.87 3.12 0.26 -1.46
2014-5-24T16:51:22.949 28.29 25.41 1362.90 26.16 0.28 0.47 0.75 -8.88 24.78 -8.12 3.04 0.14 -1.30
2014-5-24T16:51:23.963 28.31 25.41 1370.15 26.16 0.27 0.48 0.75 -8.88 24.78 -8.12 3.04 0.05 -1.14
2014-5-24T16:51:24.971 28.20 25.41 1370.15 26.16 0.27 0.48 0.75 -9.00 24.78 -7.84 3.06 0.21 -1.34
2014-5-24T16:51:25.978 28.20 25.41 1362.90 26.16 0.27 0.48 0.77 -9.00 24.78 -7.84 2.99 0.11 -1.20
2014-5-24T16:51:26.983 28.18 25.41 1362.93 26.16 0.30 0.47 0.77 -8.94 24.69 -8.00 2.91 0.00 -0.97
2014-5-24T16:51:27.990 28.22 25.41 1355.67 26.16 0.27 0.47 0.75 -8.94 24.69 -8.00 3.04 0.15 -1.27
2014-5-24T16:51:28.998 28.13 25.41 1355.67 26.16 0.27 0.48 0.77 -8.76 24.87 -8.12 2.88 0.27 -1.23
2014-5-24T16:51:30.006 28.18 25.41 1362.93 26.16 0.28 0.48 0.77 -8.76 24.87 -8.12 2.82 0.24 -1.54
2014-5-24T16:51:31.014 28.09 25.41 1362.93 26.16 0.28 0.47 0.75 -8.91 24.93 -7.90 2.85 0.12 -1.16
2014-5-24T16:51:32.020 28.09 25.41 1333.90 26.16 0.28 0.47 0.77 -8.91 24.93 -7.90 2.95 0.08 -1.11
2014-5-24T16:51:33.028 28.00 25.41 1333.90 26.16 0.27 0.47 0.77 -8.76 24.87 -7.81 2.99 0.30 -1.34
2014-5-24T16:51:34.035 28.07 25.41 1334.06 26.16 0.27 0.47 0.77 -8.76 24.87 -7.81 2.98 0.24 -1.29
2014-5-24T16:51:35.042 28.04 25.41 1355.83 26.16 0.28 0.47 0.75 -8.88 24.72 -8.03 2.86 0.13 -1.23
2014-5-24T16:51:36.048 28.04 25.41 1355.67 26.16 0.28 0.47 0.75 -8.88 24.72 -8.03 2.99 0.31 -1.28
2014-5-24T16:51:37.055 28.31 25.41 1355.67 26.16 0.28 0.47 0.75 -8.73 24.75 -8.58 2.92 -0.07 -1.37
2014-5-24T16:51:38.062 28.31 25.41 1355.66 26.16 0.30 0.47 0.77 -8.73 24.75 -8.58 3.17 0.40 -1.27
2014-5-24T16:51:39.068 28.13 25.41 1384.69 26.16 0.30 0.48 0.75 -8.94 24.90 -8.33 2.89 0.18 -1.30
2014-5-24T16:51:40.077 28.22 25.41 1384.66 26.16 0.27 0.47 0.77 -8.94 24.90 -8.33 2.95 0.14 -1.15
2014-5-24T16:51:41.084 28.16 25.41 1384.66 26.16 0.28 0.48 0.75 -9.00 24.87 -8.36 2.98 0.11 -1.27
2014-5-24T16:51:42.090 28.18 25.41 1384.70 26.16 0.28 0.48 0.75 -9.00 24.87 -8.36 3.10 0.23 -1.20
2014-5-24T16:51:43.097 28.27 25.41 1384.70 26.16 0.28 0.47 0.75 -8.82 24.81 -8.18 2.94 0.15 -1.33
2014-5-24T16:51:44.105 28.25 25.41 1384.73 26.16 0.28 0.48 0.77 -8.82 24.81 -8.18 2.98 0.05 -1.30
2014-5-24T16:51:45.113 28.29 25.41 1341.19 26.16 0.28 0.47 0.75 -8.91 24.84 -8.39 3.04 0.02 -1.31
2014-5-24T16:51:46.120 28.31 25.41 1341.17 26.16 0.27 0.47 0.75 -8.91 24.84 -8.39 3.03 0.17 -1.43
2014-5-24T16:51:47.127 28.42 25.41 1341.17 26.16 0.28 0.48 0.75 -8.76 24.84 -8.15 2.98 0.25 -1.28
2014-5-24T16:51:48.135 28.40 25.41 1348.42 26.16 0.30 0.47 0.75 -8.76 24.84 -8.15 2.75 0.10 -1.22
2014-5-24T16:51:49.142 28.40 25.41 1348.49 26.16 0.27 0.48 0.77 -8.82 24.84 -8.51 2.86 0.07 -1.22
2014-5-24T16:51:50.148 28.40 25.41 1355.75 26.16 0.27 0.48 0.77 -8.82 24.84 -8.51 3.19 0.15 -1.21
2014-5-24T16:51:51.155 28.27 25.41 1355.67 26.16 0.28 0.48 0.75 -8.76 24.87 -8.27 2.88 0.27 -1.16
2014-5-24T16:51:52.161 28.38 25.41 1341.16 26.16 0.28 0.48 0.77 -8.76 24.87 -8.27 2.89 0.25 -1.27
2014-5-24T16:51:53.168 28.27 25.41 1341.15 26.16 0.27 0.48 0.77 -8.70 24.84 -8.36 2.97 0.15 -1.06
2014-5-24T16:51:54.174 28.27 25.41 1362.92 26.16 0.28 0.47 0.77 -8.70 24.84 -8.36 2.97 0.15 -1.06
2014-5-24T16:51:55.182 28.13 25.41 1362.92 26.16 0.28 0.50 0.75 -8.64 24.90 -8.03 3.07 0.13 -1.25
2014-5-24T16:51:56.189 28.22 25.41 1341.15 26.16 0.28 0.47 0.75 -8.64 24.90 -8.03 3.01 0.08 -1.35
2014-5-24T16:51:57.197 28.22 25.41 1341.15 26.16 0.28 0.48 0.75 -8.88 24.87 -7.51 3.01 0.08 -1.35
2014-5-24T16:51:58.205 28.27 25.41 1370.18 26.16 0.28 0.48 0.77 -8.88 24.87 -7.51 3.05 0.28 -1.19
2014-5-24T16:51:59.212 28.18 25.41 1370.18 26.16 0.28 0.48 0.77 -8.76 24.96 -8.54 2.76 0.02 -1.08
2014-5-24T16:52:0.220 28.13 25.41 1348.42 26.16 0.30 0.48 0.77 -8.76 24.96 -8.54 3.13 0.11 -1.29
2014-5-24T16:52:1.227 28.00 25.41 1348.41 26.16 0.30 0.48 0.75 -9.09 24.72 -8.39 3.03 0.18 -1.37
2014-5-24T16:52:2.234 28.07 25.41 1348.41 26.16 0.28 0.48 0.75 -9.09 24.72 -8.39 2.98 0.38 -1.19
2014-5-24T16:52:3.242 28.22 25.41 1333.90 26.16 0.28 0.47 0.75 -8.70 24.93 -8.09 2.84 0.23 -1.19
2014-5-24T16:52:4.250 28.22 25.41 1333.90 26.16 0.30 0.48 0.77 -8.70 24.93 -8.09 2.93 0.19 -1.17
2014-5-24T16:52:5.258 28.18 25.41 1333.90 26.16 0.28 0.47 0.75 -8.76 24.75 -8.39 2.88 0.14 -1.28
2014-5-24T16:52:6.264 28.27 25.41 1333.92 26.16 0.28 0.48 0.77 -8.76 24.75 -8.39 2.90 0.30 -1.20
2014-5-24T16:52:7.272 28.27 25.41 1333.92 26.16 0.28 0.47 0.75 -8.79 24.81 -8.58 2.96 0.08 -1.17
2014-5-24T16:52:8.278 28.22 25.41 1333.91 26.16 0.28 0.48 0.77 -8.79 24.81 -8.58 3.05 0.11 -1.39
2014-5-24T16:52:9.286 28.16 25.41 1319.40 26.16 0.28 0.47 0.77 -8.82 24.90 -8.09 2.85 0.18 -1.33
2014-5-24T16:52:10.294 28.22 25.41 1319.45 26.16 0.28 0.48 0.77 -8.82 24.90 -8.09 2.89 0.20 -1.11
2014-5-24T16:52:11.301 28.20 25.41 1355.73 26.16 0.28 0.47 0.77 -8.76 24.96 -8.09 2.82 0.07 -1.26
2014-5-24T16:52:12.308 27.98 25.41 1355.67 26.16 0.28 0.47 0.77 -8.76 24.96 -8.09 2.91 0.30 -1.31
2014-5-24T16:52:13.315 28.04 25.41 1333.90 26.16 0.28 0.47 0.75 -8.79 24.84 -7.87 2.90 0.15 -1.17
2014-5-24T16:52:14.322 28.16 25.41 1333.88 26.16 0.28 0.48 0.77 -8.79 24.84 -7.87 2.78 0.16 -1.33
2014-5-24T16:52:15.329 28.13 25.41 1355.65 26.16 0.28 0.48 0.77 -8.85 24.93 -8.30 3.04 0.11 -1.30
2014-5-24T16:52:16.337 28.07 25.41 1355.65 26.16 0.28 0.48 0.75 -8.85 24.93 -8.30 2.91 0.10 -1.15
2014-5-24T16:52:17.344 28.13 25.41 1355.65 26.16 0.28 0.47 0.75 -8.76 24.87 -7.72 2.93 0.18 -1.34
2014-5-24T16:52:18.351 28.16 25.41 1370.16 26.16 0.28 0.48 0.77 -8.76 24.87 -7.72 2.94 -0.02 -1.29
2014-5-24T16:52:19.358 28.20 25.41 1370.21 26.16 0.28 0.47 0.75 -8.79 24.96 -7.69 3.00 -0.10 -1.25
2014-5-24T16:52:20.364 28.13 25.41 1377.46 26.16 0.28 0.47 0.77 -8.91 24.84 -8.24 3.15 0.07 -1.30
2014-5-24T16:52:21.372 27.91 25.41 1377.44 26.16 0.28 0.47 0.77 -8.91 24.84 -8.24 3.01 0.27 -1.19
2014-5-24T16:52:22.378 28.04 25.41 1355.67 26.16 0.27 0.47 0.77 -8.91 24.84 -8.24 3.13 0.30 -1.15
2014-5-24T16:52:23.387 28.00 25.41 1355.68 26.16 0.28 0.47 0.77 -8.70 24.87 -7.84 3.01 0.24 -1.40
2014-5-24T16:52:24.395 28.09 25.41 1370.19 26.16 0.27 0.47 0.75 -8.70 24.87 -7.84 3.01 0.02 -1.35
2014-5-24T16:52:25.402 28.16 25.41 1370.17 26.16 0.27 0.47 0.75 -8.79 24.90 -8.00 2.98 0.23 -1.19
2014-5-24T16:52:26.409 28.18 25.41 1370.17 26.16 0.28 0.48 0.77 -9.03 24.81 -8.03 2.94 0.35 -1.34
2014-5-24T16:52:27.427 28.13 25.41 1370.31 26.16 0.27 0.48 0.75 -9.03 24.81 -8.03 2.88 0.42 -1.21
2014-5-24T16:52:28.435 28.00 25.41 1355.80 26.16 0.28 0.48 0.77 -8.91 24.75 -8.27 3.11 0.23 -1.39
2014-5-24T16:52:29.443 27.89 25.41 1355.67 26.16 0.28 0.48 0.77 -8.91 24.75 -8.27 3.16 0.21 -1.34
2014-5-24T16:52:30.449 28.00 25.41 1370.18 26.16 0.28 0.48 0.77 -8.85 24.84 -8.18 3.02 0.17 -1.18
2014-5-24T16:52:31.457 28.09 25.41 1370.18 26.16 0.27 0.47 0.75 -8.85 24.84 -8.18 2.99 -0.02 -1.32
2014-5-24T16:52:32.464 28.18 25.41 1370.18 26.16 0.27 0.47 0.75 -8.79 24.87 -8.15 2.92 0.18 -1.06
2014-5-24T16:52:33.469 28.18 25.41 1377.43 26.16 0.28 0.47 0.75 -8.79 24.87 -8.15 2.94 0.24 -1.28
2014-5-24T16:52:34.476 28.09 25.41 1377.45 26.16 0.28 0.47 0.75 -8.91 24.78 -8.18 2.80 0.19 -1.21
2014-5-24T16:52:35.484 28.13 25.41 1391.96 26.16 0.28 0.48 0.75 -8.91 24.78 -8.18 2.94 0.27 -1.18
2014-5-24T16:52:36.492 28.02 25.41 1391.94 26.16 0.27 0.47 0.75 -8.91 24.60 -8.27 3.05 0.26 -1.24
2014-5-24T16:52:37.499 27.96 25.41 1370.17 26.16 0.28 0.48 0.75 -8.91 24.60 -8.27 2.93 0.17 -1.35
2014-5-24T16:52:38.507 28.04 25.41 1370.18 26.16 0.28 0.48 0.75 -8.82 24.78 -7.66 2.87 0.08 -1.44
2014-5-24T16:52:39.512 28.04 25.41 1384.70 26.16 0.28 0.47 0.77 -8.82 24.78 -7.66 2.93 0.11 -1.13
2014-5-24T16:52:40.519 28.04 25.41 1384.70 26.16 0.28 0.47 0.77 -8.94 24.69 -7.87 3.01 0.05 -1.30
2014-5-24T16:52:41.525 28.04 25.41 1355.68 26.16 0.27 0.47 0.77 -8.94 24.69 -7.87 2.99 0.19 -1.10
2014-5-24T16:52:42.533 28.02 25.41 1355.81 26.16 0.28 0.47 0.77 -8.85 24.69 -8.24 3.12 0.21 -1.20
2014-5-24T16:52:43.551 28.18 25.41 1377.58 26.16 0.28 0.48 0.77 -8.85 24.69 -8.24 2.94 0.14 -1.18
2014-5-24T16:52:44.558 28.22 25.41 1377.43 26.16 0.28 0.47 0.75 -8.82 25.02 -7.81 3.17 0.23 -1.18
2014-5-24T16:52:45.566 28.13 25.41 1370.18 26.16 0.30 0.48 0.75 -8.82 25.02 -7.81 3.07 0.30 -1.34
2014-5-24T16:52:46.572 28.16 25.41 1370.18 26.16 0.27 0.48 0.75 -8.88 24.90 -7.93 3.12 0.15 -1.33
2014-5-24T16:52:47.581 28.07 25.41 1370.18 26.16 0.28 0.48 0.75 -8.88 24.90 -7.93 2.94 0.13 -1.25
2014-5-24T16:52:48.589 28.04 25.41 1362.93 26.16 0.27 0.48 0.75 -8.82 25.05 -8.21 3.11 0.08 -1.47
2014-5-24T16:52:49.595 28.16 25.41 1362.88 26.16 0.27 0.50 0.77 -8.82 25.05 -8.21 3.06 0.05 -1.11
2014-5-24T16:52:50.603 28.16 25.41 1355.62 26.16 0.28 0.47 0.75 -8.97 24.93 -8.00 3.03 0.08 -1.26
2014-5-24T16:52:51.609 28.20 25.41 1355.62 26.16 0.27 0.48 0.75 -8.97 24.93 -8.00 3.07 0.11 -1.21
2014-5-24T16:52:52.617 28.29 25.41 1348.36 26.16 0.28 0.47 0.75 -9.00 24.87 -8.30 2.94 0.32 -1.21
2014-5-24T16:52:53.625 28.38 25.41 1348.38 26.16 0.28 0.48 0.75 -9.00 24.87 -8.30 2.94 0.23 -1.13
2014-5-24T16:52:54.637 28.31 25.41 1348.38 26.16 0.28 0.48 0.75 -8.88 24.99 -7.78 2.88 0.06 -1.40
2014-5-24T16:52:55.642 28.31 25.41 1348.38 26.16 0.28 0.48 0.75 -8.88 24.99 -7.78 2.91 0.38 -1.30
2014-5-24T16:52:56.648 28.31 25.41 1348.38 26.16 0.28 0.48 0.75 -8.85 24.90 -8.27 2.99 0.16 -1.31
2014-5-24T16:52:57.654 28.31 25.41 1348.31 26.16 0.28 0.47 0.77 -8.85 24.90 -8.27 2.95 0.20 -1.36
2014-5-24T16:52:58.667 28.31 25.41 1341.05 26.16 0.27 0.47 0.77 -8.91 24.78 -8.70 2.89 0.39 -1.11
2014-5-24T16:52:59.673 28.31 25.41 1341.10 26.16 0.27 0.48 0.75 -8.91 24.78 -8.70 2.96 0.33 -1.37
2014-5-24T16:53:0.678 28.25 25.41 1341.10 26.16 0.28 0.48 0.77 -8.91 24.69 -8.12 3.00 0.21 -1.17
2014-5-24T16:53:1.685 28.22 25.41 1370.12 26.16 0.30 0.47 0.75 -8.91 24.69 -8.12 3.08 0.31 -1.40
2014-5-24T16:53:2.690 28.22 25.41 1370.14 26.16 0.30 0.47 0.75 -8.85 24.84 -8.61 2.99 0.24 -1.50
2014-5-24T16:53:3.702 28.22 25.41 1348.37 26.07 0.30 0.47 0.75 -8.85 24.84 -8.61 3.01 0.24 -1.27
2014-5-24T16:53:4.708 28.18 25.41 1348.35 26.16 0.28 0.47 0.75 -8.85 24.87 -8.03 2.70 0.03 -1.25
2014-5-24T16:53:5.714 28.15 25.38 1333.83 26.07 0.28 0.45 0.75 -8.85 24.87 -8.03 2.94 0.08 -1.30
2014-5-24T16:53:6.721 28.10 25.38 1333.87 26.07 0.28 0.45 0.75 -8.94 24.75 -8.33 2.99 0.07 -1.16
2014-5-24T16:53:7.727 28.10 25.38 1341.12 26.07 0.28 0.48 0.77 -8.94 24.75 -8.33 3.14 0.08 -1.14
2014-5-24T16:53:8.732 27.97 25.38 1341.11 26.07 0.28 0.48 0.77 -8.97 24.81 -8.61 3.01 0.28 -1.23
2014-5-24T16:53:9.737 27.97 25.38 1362.88 26.07 0.27 0.48 0.75 -8.97 24.81 -8.61 3.06 0.21 -1.27
2014-5-24T16:53:10.743 27.92 25.38 1362.90 26.07 0.28 0.48 0.77 -9.09 24.90 -8.39 3.03 0.05 -1.36
2014-5-24T16:53:11.748 27.99 25.38 1362.90 26.07 0.28 0.48 0.77 -9.09 24.90 -8.39 2.93 0.10 -1.35
2014-5-24T16:53:12.753 27.99 25.38 1362.93 26.07 0.28 0.48 0.77 -8.94 24.99 -8.24 2.93 0.34 -1.27
2014-5-24T16:53:13.760 27.86 25.38 1377.44 26.07 0.28 0.48 0.77 -8.94 24.99 -8.24 3.09 0.34 -1.21
2014-5-24T16:53:14.765 27.86 25.38 1377.36 26.07 0.27 0.48 0.75 -9.03 24.96 -7.84 3.01 0.27 -1.21
2014-5-24T16:53:15.772 27.99 25.38 1377.36 26.07 0.28 0.47 0.75 -9.03 24.96 -7.84 2.98 0.06 -1.21
2014-5-24T16:53:16.778 27.99 25.38 1377.36 26.07 0.28 0.48 0.75 -8.88 25.02 -8.27 2.92 0.34 -1.17
2014-5-24T16:53:17.785 27.95 25.38 1377.39 26.07 0.28 0.48 0.77 -8.88 25.02 -8.27 2.88 0.11 -1.29
2014-5-24T16:53:18.791 27.97 25.38 1362.88 26.07 0.30 0.47 0.75 -8.88 24.81 -8.18 2.95 0.19 -1.13
2014-5-24T16:53:19.796 27.83 25.38 1362.90 26.07 0.28 0.48 0.75 -8.88 24.81 -8.18 3.21 0.13 -1.30
2014-5-24T16:53:20.802 28.03 25.38 1377.41 26.07 0.28 0.48 0.75 -9.06 24.81 -7.90 2.89 0.27 -1.34
2014-5-24T16:53:21.808 27.99 25.38 1377.38 26.07 0.28 0.48 0.77 -9.06 24.81 -7.90 3.08 -0.03 -1.27
2014-5-24T16:53:22.814 27.95 25.38 1370.12 26.07 0.27 0.47 0.77 -8.94 24.90 -8.33 2.97 0.54 -1.23
2014-5-24T16:53:23.820 27.68 25.38 1370.18 26.07 0.27 0.47 0.77 -8.94 24.90 -8.33 2.95 0.18 -1.30
2014-5-24T16:53:24.826 27.68 25.38 1355.66 26.07 0.28 0.48 0.77 -9.03 24.81 -8.09 3.14 0.25 -1.24
2014-5-24T16:53:25.832 28.08 25.38 1355.62 26.07 0.28 0.48 0.77 -9.03 24.81 -8.09 2.91 0.15 -1.15
2014-5-24T16:53:26.840 28.08 25.38 1348.36 26.07 0.28 0.48 0.75 -9.16 24.87 -8.42 3.01 0.13 -1.24
2014-5-24T16:53:27.847 28.08 25.38 1348.36 26.07 0.28 0.47 0.77 -9.16 24.87 -8.42 3.02 0.24 -1.18
2014-5-24T16:53:28.854 28.03 25.38 1341.11 26.07 0.27 0.47 0.77 -8.94 25.05 -7.93 2.88 0.30 -1.23
2014-5-24T16:53:29.861 27.99 25.38 1341.16 26.07 0.28 0.47 0.75 -8.94 25.05 -7.93 3.07 0.22 -1.34
2014-5-24T16:53:30.868 28.10 25.38 1341.16 26.07 0.28 0.48 0.75 -9.03 24.81 -8.30 2.92 0.23 -1.27
2014-5-24T16:53:31.876 28.10 25.38 1355.67 26.07 0.27 0.48 0.75 -9.03 24.81 -8.30 2.88 0.31 -1.34
2014-5-24T16:53:32.883 28.12 25.38 1355.60 26.07 0.28 0.47 0.75 -9.00 24.78 -8.36 2.88 0.29 -1.27
2014-5-24T16:53:33.889 28.10 25.38 1348.35 26.07 0.27 0.48 0.75 -9.00 24.78 -8.36 2.98 0.19 -1.01
2014-5-24T16:53:34.896 27.97 25.38 1348.31 26.07 0.28 0.48 0.75 -8.97 24.90 -7.97 2.89 0.17 -1.15
2014-5-24T16:53:35.903 27.99 25.38 1370.08 26.07 0.28 0.47 0.75 -8.97 24.90 -7.97 3.15 0.21 -1.38
2014-5-24T16:53:36.909 27.92 25.38 1370.13 26.07 0.27 0.47 0.75 -8.97 24.96 -7.45 2.91 0.00 -1.27
2014-5-24T16:53:37.917 28.01 25.38 1377.38 26.07 0.28 0.47 0.77 -8.97 24.96 -7.45 2.88 0.24 -1.39
2014-5-24T16:53:38.924 28.17 25.38 1377.39 26.07 0.28 0.47 0.77 -8.88 24.87 -8.06 3.00 0.13 -1.20
2014-5-24T16:53:39.930 28.06 25.38 1377.39 26.07 0.27 0.47 0.75 -8.88 24.87 -8.06 3.00 0.14 -1.42
2014-5-24T16:53:40.938 28.10 25.38 1377.37 26.07 0.27 0.47 0.75 -8.88 24.87 -8.09 3.04 0.40 -1.11
2014-5-24T16:53:41.945 28.15 25.38 1377.37 26.07 0.27 0.48 0.75 -8.88 24.87 -8.09 2.95 0.29 -1.30
2014-5-24T16:53:42.952 28.10 25.38 1377.41 26.07 0.28 0.47 0.75 -8.88 24.78 -8.27 2.92 0.19 -1.26
2014-5-24T16:53:43.960 28.26 25.38 1384.66 26.07 0.28 0.47 0.75 -8.88 24.78 -8.27 2.91 0.18 -1.24
2014-5-24T16:53:44.966 28.32 25.38 1384.64 26.07 0.27 0.48 0.75 -8.88 24.90 -7.78 3.02 0.36 -1.23
2014-5-24T16:53:45.974 28.24 25.38 1370.13 26.07 0.27 0.48 0.77 -8.88 24.90 -7.78 3.03 0.23 -1.17
2014-5-24T16:53:46.980 28.12 25.38 1370.13 26.07 0.27 0.47 0.75 -8.88 24.66 -7.87 3.01 0.24 -1.24
2014-5-24T16:53:47.988 28.01 25.38 1370.24 26.07 0.28 0.48 0.77 -8.88 24.66 -7.87 3.05 0.34 -1.28
2014-5-24T16:53:48.996 28.03 25.38 1362.98 26.07 0.27 0.47 0.77 -8.88 24.69 -8.30 3.07 0.20 -1.34
2014-5-24T16:53:50.002 27.88 25.38 1362.90 26.07 0.28 0.48 0.75 -8.88 24.69 -8.30 3.04 0.09 -1.36
2014-5-24T16:53:51.009 27.83 25.38 1399.18 26.07 0.27 0.48 0.75 -9.00 24.69 -7.93 3.12 0.21 -1.30
2014-5-24T16:53:52.016 27.92 25.38 1399.11 26.07 0.28 0.48 0.75 -9.00 24.69 -7.93 3.18 0.32 -1.34
2014-5-24T16:53:53.024 27.88 25.38 1370.09 26.07 0.28 0.47 0.77 -9.03 24.66 -7.87 3.04 0.18 -1.30
2014-5-24T16:53:54.031 28.01 25.38 1370.10 26.07 0.27 0.48 0.75 -9.03 24.66 -7.87 2.88 0.35 -1.40
2014-5-24T16:53:55.039 28.08 25.38 1377.36 26.07 0.28 0.47 0.75 -9.12 24.90 -7.97 2.81 0.27 -1.23
2014-5-24T16:53:56.046 27.99 25.38 1377.37 26.07 0.27 0.48 0.77 -9.12 24.90 -7.97 3.01 0.23 -1.50
2014-5-24T16:53:57.053 27.99 25.38 1362.86 26.07 0.28 0.48 0.77 -9.16 24.84 -7.87 3.01 0.37 -1.21
2014-5-24T16:53:58.061 27.90 25.38 1362.84 26.07 0.28 0.47 0.75 -9.16 24.84 -7.87 3.04 0.24 -1.27
2014-5-24T16:53:59.068 27.68 25.38 1362.84 26.07 0.28 0.47 0.75 -8.91 24.81 -7.97 2.85 0.14 -1.22
2014-5-24T16:54:0.075 27.72 25.38 1362.88 26.07 0.28 0.48 0.75 -8.91 24.81 -7.97 2.88 0.20 -1.27
2014-5-24T16:54:1.083 27.90 25.38 1362.88 26.07 0.28 0.47 0.75 -8.91 24.69 -8.12 3.00 0.16 -1.26
2014-5-24T16:54:2.091 28.06 25.38 1362.88 26.07 0.28 0.47 0.75 -8.91 24.69 -8.12 2.85 0.14 -1.10
2014-5-24T16:54:3.098 28.15 25.38 1362.84 26.07 0.27 0.47 0.75 -8.88 24.60 -8.00 2.92 0.27 -1.38
2014-5-24T16:54:4.106 28.08 25.38 1355.59 26.07 0.28 0.47 0.77 -8.88 24.60 -8.00 2.92 0.16 -1.27
2014-5-24T16:54:5.114 28.75 25.38 1355.61 26.07 0.27 0.48 0.77 -8.94 24.75 -7.93 2.98 0.05 -1.46
2014-5-24T16:54:6.123 27.88 25.38 1348.35 26.07 0.28 0.47 0.75 -8.94 24.75 -7.93 2.98 0.05 -1.46
2014-5-24T16:54:7.130 27.72 25.38 1348.34 26.07 0.28 0.48 0.75 -8.76 24.84 -7.97 3.10 0.10 -1.35
2014-5-24T16:54:8.137 27.88 25.38 1355.59 26.07 0.27 0.47 0.75 -8.76 24.84 -7.97 3.01 0.38 -1.17
2014-5-24T16:54:9.145 27.44 25.34 1355.61 26.07 0.27 0.47 0.75 -9.09 24.69 -7.63 2.78 0.18 -1.17
2014-5-24T16:54:10.151 27.44 25.34 1333.84 26.07 0.27 0.47 0.77 -9.09 24.69 -7.63 2.78 0.18 -1.17
2014-5-24T16:54:11.158 28.16 25.34 1333.77 26.07 0.28 0.48 0.75 -9.12 24.81 -8.03 3.11 0.14 -1.36
2014-5-24T16:54:12.165 27.82 25.34 1362.79 26.07 0.28 0.48 0.77 -9.12 24.81 -8.03 3.03 0.24 -1.26
2014-5-24T16:54:13.172 28.05 25.34 1362.85 26.07 0.28 0.48 0.75 -8.85 24.96 -7.78 2.72 0.22 -1.23
2014-5-24T16:54:14.178 27.67 25.34 1370.10 26.07 0.30 0.47 0.75 -8.85 24.96 -7.78 2.88 0.27 -1.27
2014-5-24T16:54:15.186 27.60 25.34 1370.12 26.07 0.27 0.47 0.75 -9.00 24.90 -7.66 3.07 0.29 -1.33
2014-5-24T16:54:16.193 27.49 25.34 1370.12 26.07 0.28 0.47 0.75 -9.00 24.90 -7.66 3.07 0.29 -1.33
2014-5-24T16:54:17.199 27.82 25.34 1370.12 26.07 0.30 0.47 0.75 -8.85 25.12 -8.06 3.01 0.14 -1.30
2014-5-24T16:54:18.206 28.00 25.34 1370.07 26.07 0.28 0.48 0.77 -8.85 25.12 -8.06 2.96 0.22 -1.14
2014-5-24T16:54:19.213 27.85 25.34 1377.33 26.07 0.30 0.47 0.75 -8.88 24.99 -8.27 3.03 0.32 -1.18
2014-5-24T16:54:20.221 27.80 25.34 1377.53 26.07 0.27 0.47 0.75 -8.88 24.99 -8.27 3.03 0.32 -1.18
2014-5-24T16:54:21.229 27.87 25.34 1370.27 26.07 0.28 0.47 0.77 -9.00 24.87 -7.81 3.09 0.19 -1.03
2014-5-24T16:54:22.236 28.02 25.34 1370.09 26.07 0.28 0.48 0.75 -9.00 24.87 -7.81 2.98 0.37 -1.22
2014-5-24T16:54:23.242 27.98 25.34 1370.09 26.07 0.27 0.48 0.75 -9.00 24.87 -8.30 2.93 0.30 -1.19
2014-5-24T16:54:24.249 27.82 25.34 1370.23 26.07 0.27 0.48 0.75 -9.00 24.87 -8.30 2.90 0.35 -1.23
2014-5-24T16:54:25.257 27.89 25.34 1355.72 26.07 0.27 0.48 0.75 -8.94 24.93 -7.81 2.98 0.27 -1.35
2014-5-24T16:54:26.264 27.89 25.34 1355.55 26.07 0.28 0.48 0.77 -8.94 24.93 -7.81 2.88 0.18 -1.34
2014-5-24T16:54:27.270 27.85 25.34 1377.32 26.07 0.28 0.48 0.77 -8.94 24.84 -8.42 2.88 0.27 -1.17
2014-5-24T16:54:28.277 27.82 25.34 1377.35 26.07 0.30 0.47 0.77 -8.94 24.84 -8.42 2.88 0.27 -1.17
2014-5-24T16:54:29.284 27.82 25.34 1370.10 26.07 0.28 0.47 0.77 -9.12 24.72 -7.60 2.78 0.18 -1.44
2014-5-24T16:54:30.291 27.82 25.34 1370.10 26.07 0.27 0.48 0.75 -9.12 24.72 -7.60 3.14 0.05 -1.29
2014-5-24T16:54:31.299 27.76 25.34 1370.10 26.07 0.28 0.47 0.75 -8.94 24.81 -8.00 2.93 0.24 -1.16
2014-5-24T16:54:32.307 27.78 25.34 1362.84 26.07 0.27 0.48 0.75 -8.94 24.81 -8.00 2.83 0.40 -1.37
2014-5-24T16:54:33.315 27.78 25.34 1362.81 26.07 0.28 0.48 0.75 -9.12 24.87 -7.69 2.90 0.17 -1.16
2014-5-24T16:54:34.321 27.76 25.34 1384.58 26.07 0.27 0.48 0.77 -9.12 24.87 -7.69 3.11 0.19 -1.39
2014-5-24T16:54:35.328 27.82 25.34 1384.57 26.07 0.28 0.47 0.75 -9.00 24.93 -8.27 2.89 0.24 -1.36
2014-5-24T16:54:36.335 27.80 25.34 1370.06 26.07 0.28 0.47 0.75 -9.00 24.93 -8.27 3.00 0.21 -1.27
2014-5-24T16:54:37.343 27.73 25.34 1370.07 26.07 0.28 0.47 0.75 -9.06 24.99 -8.24 2.72 0.21 -1.26
2014-5-24T16:54:38.350 27.78 25.34 1391.84 26.07 0.28 0.48 0.77 -9.06 24.99 -8.24 3.04 0.08 -1.17
2014-5-24T16:54:39.358 27.89 25.34 1391.80 26.07 0.28 0.47 0.77 -8.97 24.78 -7.81 3.01 0.20 -1.21
2014-5-24T16:54:40.366 28.00 25.34 1370.03 26.07 0.27 0.48 0.75 -8.97 24.78 -7.81 2.97 0.08 -1.42
2014-5-24T16:54:41.373 27.89 25.34 1370.04 26.07 0.28 0.47 0.77 -8.82 24.69 -7.93 2.84 0.13 -1.31
2014-5-24T16:54:42.379 27.91 25.34 1399.06 26.07 0.27 0.47 0.77 -8.82 24.69 -7.93 3.04 0.27 -1.43
2014-5-24T16:54:43.387 27.85 25.34 1399.08 26.07 0.28 0.48 0.77 -8.94 24.87 -7.75 2.91 0.18 -1.38
2014-5-24T16:54:44.395 27.71 25.34 1377.31 26.07 0.28 0.48 0.75 -9.06 24.81 -8.09 2.88 0.21 -1.26
2014-5-24T16:54:45.402 27.76 25.34 1377.31 26.07 0.28 0.47 0.75 -9.06 24.81 -8.09 3.06 0.06 -1.30
2014-5-24T16:54:46.409 27.89 25.34 1377.32 26.07 0.28 0.48 0.75 -9.00 24.66 -8.00 3.09 0.23 -1.29
2014-5-24T16:54:47.417 27.99 25.31 1362.81 26.07 0.28 0.47 0.75 -9.00 24.66 -8.00 2.90 0.21 -1.06
2014-5-24T16:54:48.423 27.97 25.31 1362.79 26.07 0.27 0.48 0.77 -9.00 24.66 -8.00 2.98 0.14 -1.36
2014-5-24T16:54:49.429 27.95 25.31 1377.30 25.98 0.28 0.48 0.77 -8.79 24.57 -8.33 2.91 0.31 -1.15
2014-5-24T16:54:50.437 27.83 25.31 1377.31 25.98 0.28 0.45 0.77 -8.76 24.75 -7.93 3.01 0.32 -1.33
2014-5-24T16:54:51.445 27.79 25.31 1399.08 25.98 0.28 0.45 0.77 -8.76 24.75 -7.93 2.94 0.50 -1.28
2014-5-24T16:54:52.453 27.81 25.31 1399.00 26.07 0.27 0.47 0.77 -8.97 24.78 -8.45 2.91 0.38 -1.31
2014-5-24T16:54:53.459 27.81 25.31 1399.00 25.98 0.28 0.47 0.77 -8.97 24.78 -8.45 2.79 0.24 -1.21
2014-5-24T16:54:54.467 27.79 25.31 1399.04 25.98 0.30 0.48 0.75 -9.09 24.81 -7.93 3.14 0.31 -1.44
2014-5-24T16:54:55.475 27.92 25.31 1391.78 25.98 0.30 0.48 0.75 -9.09 24.81 -7.93 2.99 0.19 -1.23
2014-5-24T16:54:56.481 27.83 25.31 1391.76 25.98 0.30 0.48 0.77 -9.00 24.96 -7.90 2.88 0.14 -1.15
2014-5-24T16:54:57.489 27.90 25.31 1413.52 25.98 0.28 0.48 0.77 -9.00 24.96 -7.90 2.78 0.31 -1.25
2014-5-24T16:54:58.495 27.88 25.31 1413.59 25.98 0.28 0.48 0.77 -8.91 24.75 -7.78 2.79 0.21 -1.19
2014-5-24T16:54:59.503 27.97 25.31 1406.33 25.98 0.28 0.47 0.75 -8.91 24.75 -7.78 2.85 0.33 -1.25
2014-5-24T16:55:0.514 27.83 25.31 1406.33 25.98 0.27 0.47 0.77 -8.88 24.81 -8.24 2.94 0.15 -1.36
2014-5-24T16:55:1.520 27.61 25.31 1406.30 25.98 0.28 0.48 0.77 -8.88 24.81 -8.24 2.79 -0.07 -1.17
2014-5-24T16:55:2.527 27.57 25.31 1413.56 25.98 0.28 0.47 0.75 -8.97 24.93 -7.90 2.82 0.34 -1.16
2014-5-24T16:55:3.535 27.79 25.31 1413.56 25.98 0.28 0.47 0.75 -8.97 24.93 -7.90 2.88 0.27 -1.37
2014-5-24T16:55:4.543 27.81 25.31 1413.56 25.98 0.28 0.48 0.75 -8.91 24.87 -8.24 2.91 0.11 -1.30
2014-5-24T16:55:5.549 27.77 25.31 1413.52 25.98 0.28 0.48 0.77 -8.91 24.87 -8.24 2.92 0.24 -1.08
2014-5-24T16:55:6.557 27.75 25.31 1420.78 25.98 0.28 0.48 0.75 -8.73 24.84 -7.75 2.74 0.18 -1.18
2014-5-24T16:55:7.564 27.75 25.31 1420.84 25.98 0.30 0.47 0.77 -8.73 24.84 -7.75 2.94 0.18 -1.42
2014-5-24T16:55:8.571 27.81 25.31 1420.84 25.98 0.28 0.48 0.75 -8.88 24.81 -7.66 3.01 0.14 -1.24
2014-5-24T16:55:9.579 27.86 25.31 1420.75 25.98 0.27 0.48 0.77 -8.88 24.81 -7.66 2.94 0.11 -1.20
2014-5-24T16:55:10.585 27.83 25.31 1413.50 25.98 0.28 0.47 0.77 -8.91 24.96 -8.39 3.09 0.24 -1.24
2014-5-24T16:55:11.593 27.77 25.31 1413.59 25.98 0.27 0.48 0.77 -8.91 24.96 -8.39 2.94 0.13 -1.08
2014-5-24T16:55:12.600 27.70 25.31 1399.08 25.98 0.28 0.48 0.75 -8.91 24.90 -7.84 2.72 0.21 -1.17
2014-5-24T16:55:13.607 27.59 25.31 1399.02 25.98 0.28 0.47 0.75 -8.91 24.90 -7.84 2.73 0.10 -1.21
2014-5-24T16:55:14.615 27.75 25.31 1399.02 25.98 0.28 0.48 0.75 -8.70 24.90 -8.30 3.02 0.36 -1.24
2014-5-24T16:55:15.621 27.90 25.31 1399.02 25.98 0.28 0.47 0.77 -8.70 24.90 -8.30 2.86 0.18 -1.33
2014-5-24T16:55:16.629 28.04 25.31 1399.01 25.98 0.27 0.48 0.75 -8.61 24.96 -7.97 3.07 0.27 -1.21
2014-5-24T16:55:17.635 27.90 25.31 1391.76 25.98 0.27 0.48 0.75 -8.61 24.96 -7.97 3.12 0.38 -1.14
2014-5-24T16:55:18.644 28.04 25.31 1391.81 25.98 0.28 0.48 0.75 -8.91 24.99 -7.72 3.01 0.14 -1.21
2014-5-24T16:55:19.652 28.04 25.31 1399.06 25.98 0.28 0.47 0.75 -8.91 24.99 -7.72 3.01 0.13 -1.25
2014-5-24T16:55:20.659 27.73 25.28 1398.99 25.98 0.30 0.48 0.75 -8.70 24.84 -7.81 3.06 0.22 -1.30
2014-5-24T16:55:21.667 27.71 25.28 1391.73 25.98 0.27 0.47 0.75 -8.70 24.84 -7.81 2.99 0.17 -1.38
2014-5-24T16:55:22.674 27.82 25.28 1391.75 25.98 0.28 0.47 0.75 -9.00 24.90 -8.18 2.84 0.27 -1.27
2014-5-24T16:55:23.686 27.80 25.28 1413.51 25.98 0.28 0.48 0.75 -9.00 24.90 -8.18 3.04 0.30 -1.30
2014-5-24T16:55:24.693 27.56 25.28 1413.50 25.98 0.28 0.48 0.75 -8.79 24.87 -8.09 2.91 0.21 -1.18
2014-5-24T16:55:25.700 27.35 25.28 1398.99 25.98 0.28 0.48 0.77 -8.79 24.87 -8.09 3.00 0.21 -1.21
2014-5-24T16:55:26.708 27.53 25.28 1398.96 25.98 0.28 0.47 0.75 -8.85 24.90 -7.60 2.99 0.32 -1.26
2014-5-24T16:55:27.716 27.64 25.28 1427.97 25.98 0.27 0.48 0.77 -8.85 24.90 -7.60 3.20 0.17 -1.32
2014-5-24T16:55:28.724 27.56 25.28 1428.07 25.98 0.30 0.47 0.75 -9.25 24.84 -8.09 2.76 0.27 -1.28
2014-5-24T16:55:29.730 27.56 25.28 1428.07 25.98 0.28 0.47 0.75 -9.25 24.84 -8.09 3.01 0.22 -1.28
2014-5-24T16:55:30.738 27.71 25.28 1435.33 25.98 0.27 0.47 0.77 -8.97 24.75 -8.09 3.17 0.25 -1.17
2014-5-24T16:55:31.745 27.49 25.28 1435.25 25.98 0.27 0.50 0.77 -8.97 24.75 -8.09 2.98 0.20 -1.26
2014-5-24T16:55:32.753 27.67 25.28 1435.25 25.98 0.28 0.47 0.75 -8.88 24.93 -8.42 3.01 0.20 -1.30
2014-5-24T16:55:33.761 27.73 25.28 1435.27 25.98 0.28 0.47 0.75 -8.88 24.93 -8.42 2.91 0.27 -1.31
2014-5-24T16:55:34.767 27.64 25.28 1449.78 25.98 0.27 0.48 0.75 -9.00 24.87 -7.81 2.91 0.20 -1.21
2014-5-24T16:55:35.776 27.76 25.28 1449.71 25.98 0.28 0.48 0.75 -9.00 24.87 -7.81 2.91 0.20 -1.18
2014-5-24T16:55:36.783 27.82 25.28 1435.20 25.98 0.27 0.47 0.75 -8.85 24.87 -8.21 2.80 0.45 -1.26
2014-5-24T16:55:37.791 27.98 25.28 1435.22 25.98 0.27 0.48 0.75 -8.85 24.87 -8.21 3.02 0.37 -1.24
2014-5-24T16:55:38.799 28.14 25.28 1406.20 25.98 0.28 0.47 0.75 -8.73 24.90 -8.18 2.94 0.14 -1.35
2014-5-24T16:55:39.806 27.94 25.28 1406.24 25.98 0.27 0.48 0.77 -8.73 24.90 -8.18 2.96 0.29 -1.35
2014-5-24T16:55:40.814 27.76 25.28 1428.00 25.98 0.27 0.48 0.77 -8.76 24.93 -8.27 2.91 0.20 -1.31
2014-5-24T16:55:41.828 27.96 25.28 1427.95 25.98 0.27 0.48 0.75 -8.76 24.93 -8.27 2.96 0.18 -1.28
2014-5-24T16:55:42.835 28.00 25.28 1435.20 25.90 0.27 0.45 0.75 -8.82 24.90 -8.54 2.71 0.23 -1.43
2014-5-24T16:55:43.842 27.89 25.28 1435.19 25.90 0.27 0.48 0.75 -8.82 24.90 -8.54 2.69 0.05 -1.01
2014-5-24T16:55:44.849 27.81 25.25 1435.19 25.90 0.27 0.48 0.77 -9.06 25.05 -7.51 2.85 0.29 -1.49
2014-5-24T16:55:45.858 27.72 25.25 1406.17 25.90 0.27 0.47 0.75 -9.06 25.05 -7.51 2.93 0.18 -1.27
2014-5-24T16:55:46.865 27.66 25.25 1406.23 25.90 0.27 0.48 0.77 -8.94 24.90 -7.81 2.79 0.27 -1.24
2014-5-24T16:55:47.872 27.61 25.25 1406.23 25.90 0.28 0.47 0.77 -8.94 24.90 -7.81 3.12 0.25 -1.25
2014-5-24T16:55:48.879 27.68 25.25 1406.18 25.90 0.27 0.48 0.77 -8.88 24.90 -8.09 2.91 0.19 -1.32
2014-5-24T16:55:49.887 27.68 25.25 1406.18 25.90 0.27 0.48 0.77 -8.88 24.90 -8.09 3.07 0.29 -1.34
2014-5-24T16:55:50.894 27.52 25.25 1406.19 25.90 0.28 0.48 0.77 -8.82 24.96 -7.72 3.14 0.14 -1.28
2014-5-24T16:55:51.901 27.57 25.25 1427.95 25.90 0.27 0.48 0.75 -8.82 24.96 -7.72 2.91 0.30 -1.08
2014-5-24T16:55:52.909 27.61 25.25 1427.94 25.90 0.27 0.48 0.75 -9.16 24.75 -7.69 2.98 0.19 -1.28
2014-5-24T16:55:53.917 27.63 25.25 1406.18 25.90 0.28 0.48 0.75 -9.16 24.75 -7.69 3.05 0.27 -1.26
2014-5-24T16:55:54.924 27.70 25.25 1406.17 25.90 0.27 0.50 0.77 -9.03 24.84 -7.84 2.96 0.26 -1.30
2014-5-24T16:55:55.931 27.66 25.25 1420.68 25.90 0.28 0.48 0.75 -9.03 24.84 -7.84 3.11 0.24 -1.20
2014-5-24T16:55:56.937 27.70 25.25 1420.71 25.90 0.30 0.47 0.77 -8.88 24.87 -7.90 3.29 0.36 -1.38
2014-5-24T16:55:57.945 27.84 25.25 1449.73 25.90 0.30 0.47 0.75 -8.88 24.87 -7.90 3.11 0.37 -1.23
2014-5-24T16:55:58.951 27.68 25.25 1449.66 25.90 0.27 0.48 0.75 -8.67 24.87 -7.90 2.75 0.32 -1.27
2014-5-24T16:55:59.959 27.77 25.25 1449.66 25.90 0.28 0.48 0.77 -8.67 24.87 -7.90 3.13 0.08 -1.43
2014-5-24T16:56:0.967 27.77 25.25 1413.39 25.90 0.28 0.48 0.77 -8.82 25.12 -8.21 3.20 0.19 -1.23
2014-5-24T16:56:1.975 27.79 25.25 1413.50 25.90 0.27 0.47 0.77 -8.82 25.12 -8.21 3.03 0.23 -1.39
2014-5-24T16:56:2.983 27.72 25.25 1420.75 25.90 0.27 0.48 0.77 -9.03 24.96 -7.81 2.93 0.27 -1.22
2014-5-24T16:56:3.990 27.79 25.25 1420.62 25.90 0.28 0.48 0.75 -9.03 24.96 -7.81 2.97 0.24 -1.33
2014-5-24T16:56:4.998 27.61 25.25 1398.86 25.90 0.28 0.48 0.75 -8.85 25.12 -7.39 3.01 0.27 -1.41
2014-5-24T16:56:6.006 27.70 25.25 1398.90 25.90 0.28 0.50 0.77 -8.85 25.12 -7.39 2.84 0.21 -1.14
2014-5-24T16:56:7.014 27.70 25.25 1406.15 25.90 0.30 0.48 0.77 -8.97 24.93 -8.36 2.93 0.23 -1.34
2014-5-24T16:56:8.022 27.61 25.25 1406.14 25.90 0.28 0.47 0.75 -8.97 24.93 -8.36 2.91 0.31 -1.34
2014-5-24T16:56:9.028 27.63 25.25 1449.66 25.90 0.30 0.50 0.78 -9.06 24.96 -8.06 2.91 0.26 -1.13
2014-5-24T16:56:10.043 27.72 25.25 1449.68 25.90 0.28 0.48 0.77 -9.06 24.96 -8.06 2.72 0.14 -1.24
2014-5-24T16:56:11.051 27.77 25.25 1413.41 25.90 0.30 0.50 0.75 -9.06 24.72 -8.15 2.97 0.18 -1.14
2014-5-24T16:56:12.058 27.86 25.25 1413.42 25.90 0.30 0.47 0.77 -9.06 24.72 -8.15 3.17 0.28 -1.10
2014-5-24T16:56:13.066 27.81 25.25 1420.67 25.90 0.30 0.47 0.75 -8.88 24.78 -8.00 2.90 0.23 -1.21
2014-5-24T16:56:14.073 27.70 25.25 1420.61 25.90 0.27 0.48 0.75 -8.88 24.78 -8.00 2.85 0.29 -1.15
2014-5-24T16:56:15.081 27.70 25.25 1420.61 25.90 0.28 0.48 0.75 -8.91 24.84 -8.15 2.88 0.27 -1.24
2014-5-24T16:56:16.088 27.70 25.25 1435.12 25.90 0.27 0.48 0.77 -8.91 24.84 -8.15 3.10 0.14 -1.36
2014-5-24T16:56:17.094 27.66 25.25 1435.14 25.90 0.28 0.47 0.77 -8.73 24.87 -7.69 3.21 0.24 -1.33
2014-5-24T16:56:18.101 27.57 25.25 1398.87 25.90 0.27 0.48 0.77 -8.73 24.87 -7.69 2.79 0.21 -1.27
2014-5-24T16:56:19.109 27.77 25.25 1398.87 25.90 0.28 0.47 0.77 -8.88 24.87 -7.84 2.78 0.30 -1.24
2014-5-24T16:56:20.117 27.77 25.25 1442.39 25.90 0.27 0.48 0.77 -8.88 24.87 -7.84 2.86 0.48 -1.21
2014-5-24T16:56:21.125 27.70 25.25 1442.35 25.90 0.28 0.47 0.77 -8.88 24.75 -8.51 2.82 0.16 -1.29
2014-5-24T16:56:22.133 27.94 25.22 1442.35 25.90 0.28 0.47 0.75 -8.88 24.75 -8.51 2.80 0.14 -1.35
2014-5-24T16:56:23.140 27.76 25.22 1442.40 25.90 0.28 0.48 0.75 -9.03 24.87 -8.36 2.71 0.37 -1.24
2014-5-24T16:56:24.148 27.96 25.22 1442.40 25.90 0.28 0.48 0.77 -9.03 24.87 -8.36 2.99 0.34 -1.24
2014-5-24T16:56:25.156 27.85 25.22 1442.34 25.90 0.27 0.47 0.75 -8.85 24.84 -7.72 2.91 0.18 -1.37
2014-5-24T16:56:26.162 27.71 25.22 1427.83 25.90 0.27 0.47 0.75 -8.85 24.84 -7.72 2.95 0.16 -1.20
2014-5-24T16:56:27.170 27.65 25.22 1427.92 25.90 0.28 0.48 0.77 -8.94 24.99 -8.18 3.04 0.21 -1.28
2014-5-24T16:56:28.177 27.67 25.22 1456.93 25.90 0.28 0.47 0.75 -8.94 24.99 -8.18 3.04 0.21 -1.28
2014-5-24T16:56:29.184 27.42 25.22 1456.84 25.90 0.28 0.48 0.77 -8.88 24.87 -8.15 2.94 0.12 -1.30
2014-5-24T16:56:30.192 27.53 25.22 1456.84 25.90 0.28 0.47 0.75 -8.88 24.87 -8.15 2.90 0.33 -1.22
2014-5-24T16:56:31.199 27.60 25.22 1449.59 25.90 0.27 0.48 0.75 -8.97 24.81 -7.93 3.04 0.28 -1.30
2014-5-24T16:56:32.207 27.69 25.22 1449.64 25.90 0.28 0.48 0.75 -8.97 24.81 -7.93 3.04 0.28 -1.30
2014-5-24T16:56:33.215 27.53 25.22 1456.89 25.90 0.28 0.48 0.77 -8.85 24.99 -7.90 2.94 0.40 -1.14
2014-5-24T16:56:34.222 27.35 25.22 1456.87 25.90 0.27 0.47 0.77 -8.85 24.99 -7.90 2.84 0.38 -1.15
2014-5-24T16:56:35.229 27.35 25.22 1449.61 25.90 0.27 0.47 0.75 -9.06 24.69 -7.93 2.93 0.18 -1.25
2014-5-24T16:56:36.235 27.42 25.22 1449.61 25.90 0.28 0.47 0.75 -9.06 24.69 -7.93 2.85 0.09 -1.26
2014-5-24T16:56:37.243 27.40 25.22 1449.61 25.90 0.30 0.47 0.77 -9.00 24.72 -7.78 2.99 0.29 -1.31
2014-5-24T16:56:38.250 27.53 25.22 1449.58 25.90 0.28 0.47 0.75 -9.00 24.72 -7.78 2.99 0.29 -1.31
2014-5-24T16:56:39.257 27.58 25.22 1420.56 25.90 0.28 0.47 0.75 -8.85 24.81 -7.84 2.82 0.38 -1.36
2014-5-24T16:56:40.262 27.69 25.22 1420.56 25.90 0.28 0.47 0.77 -8.85 24.81 -7.84 2.96 0.16 -1.25
2014-5-24T16:56:41.269 27.69 25.22 1427.82 25.90 0.28 0.48 0.75 -8.97 24.84 -8.12 2.91 0.16 -1.37
2014-5-24T16:56:42.275 27.58 25.22 1427.80 25.90 0.30 0.48 0.77 -8.97 24.84 -8.12 2.77 0.24 -1.12
2014-5-24T16:56:43.283 27.67 25.22 1420.55 25.90 0.28 0.48 0.77 -8.97 24.75 -8.33 2.61 0.35 -1.14
2014-5-24T16:56:44.290 27.74 25.22 1420.56 25.90 0.27 0.48 0.77 -8.97 24.75 -8.33 2.95 0.19 -1.20
2014-5-24T16:56:45.298 27.74 25.22 1420.56 25.90 0.30 0.48 0.77 -8.94 24.78 -7.90 2.98 0.14 -1.13
2014-5-24T16:56:46.305 27.53 25.22 1442.33 25.90 0.27 0.48 0.77 -8.94 24.78 -7.90 2.98 0.19 -1.27
2014-5-24T16:56:47.312 27.69 25.22 1442.34 25.90 0.27 0.48 0.75 -8.85 24.90 -7.35 2.88 0.39 -1.09
2014-5-24T16:56:48.319 27.69 25.22 1442.34 25.90 0.27 0.48 0.75 -8.85 24.90 -7.35 3.03 0.24 -1.27
2014-5-24T16:56:49.327 27.69 25.22 1442.31 25.90 0.28 0.47 0.75 -8.82 24.96 -8.24 2.86 0.16 -1.34
2014-5-24T16:56:50.335 27.53 25.22 1442.31 25.90 0.27 0.47 0.75 -8.82 24.96 -8.24 2.85 0.23 -1.34
2014-5-24T16:56:51.342 27.46 25.19 1442.28 25.90 0.28 0.48 0.75 -9.00 24.81 -7.54 3.03 0.26 -1.22
2014-5-24T16:56:52.350 27.46 25.19 1449.54 25.90 0.28 0.48 0.77 -9.00 24.81 -7.54 2.64 0.12 -1.34
2014-5-24T16:56:53.357 27.68 25.19 1449.58 25.90 0.27 0.47 0.77 -8.82 24.90 -8.03 2.70 -0.03 -1.30
2014-5-24T16:56:54.365 27.55 25.19 1456.83 25.90 0.27 0.47 0.75 -8.82 24.90 -8.03 2.90 0.11 -1.35
2014-5-24T16:56:55.373 27.46 25.19 1456.84 25.79 0.28 0.48 0.77 -8.91 24.66 -8.12 2.89 0.14 -1.38
2014-5-24T16:56:56.380 27.46 25.19 1449.59 25.90 0.28 0.47 0.75 -8.91 24.66 -8.12 2.95 0.26 -1.38
2014-5-24T16:56:57.388 27.57 25.19 1449.50 25.90 0.27 0.48 0.73 -9.03 25.02 -7.72 3.00 0.05 -1.27
2014-5-24T16:56:58.395 27.52 25.19 1456.76 25.79 0.27 0.48 0.75 -9.03 25.02 -7.72 2.80 0.25 -1.43
2014-5-24T16:56:59.403 27.57 25.19 1456.76 25.90 0.27 0.48 0.77 -8.82 24.87 -8.18 2.78 0.16 -1.28
2014-5-24T16:57:0.410 27.37 25.19 1456.81 25.79 0.28 0.48 0.77 -8.82 24.87 -8.18 2.94 0.33 -1.34
2014-5-24T16:57:1.418 27.48 25.19 1456.81 25.79 0.27 0.48 0.75 -8.76 24.87 -8.27 2.76 0.32 -1.23
2014-5-24T16:57:2.425 27.50 25.19 1456.79 25.79 0.30 0.48 0.75 -8.91 24.84 -7.81 2.92 0.14 -1.29
2014-5-24T16:57:3.432 27.64 25.19 1464.04 25.79 0.28 0.47 0.75 -8.91 24.84 -7.81 2.82 0.18 -1.32
2014-5-24T16:57:4.441 27.57 25.19 1464.00 25.79 0.28 0.47 0.75 -9.16 24.78 -7.63 2.98 0.08 -1.12
2014-5-24T16:57:5.449 27.52 25.19 1449.50 25.79 0.27 0.47 0.77 -9.16 24.78 -7.63 2.80 0.21 -1.14
2014-5-24T16:57:6.457 27.57 25.19 1449.51 25.79 0.30 0.47 0.75 -9.16 24.78 -7.63 3.10 0.34 -1.34
2014-5-24T16:57:7.465 27.61 25.19 1449.51 25.79 0.30 0.47 0.75 -8.82 24.96 -8.79 3.03 0.26 -1.28
2014-5-24T16:57:8.473 27.59 25.19 1449.55 25.79 0.28 0.47 0.75 -9.00 25.05 -7.20 2.82 0.30 -1.21
2014-5-24T16:57:9.481 27.46 25.19 1435.05 25.79 0.28 0.47 0.75 -9.00 25.05 -7.20 2.98 0.19 -1.40
2014-5-24T16:57:10.488 27.34 25.19 1435.09 25.79 0.27 0.48 0.75 -8.76 24.96 -7.78 2.93 0.22 -1.21
2014-5-24T16:57:11.496 27.41 25.19 1456.85 25.79 0.27 0.48 0.75 -8.76 24.96 -7.78 2.88 0.19 -1.48
2014-5-24T16:57:12.504 27.41 25.19 1456.78 25.79 0.30 0.47 0.75 -8.88 24.87 -8.06 2.88 0.31 -1.07
2014-5-24T16:57:13.512 27.43 25.19 1427.77 25.79 0.27 0.48 0.75 -8.88 24.87 -8.06 2.88 0.24 -1.16
2014-5-24T16:57:14.518 27.43 25.19 1427.77 25.79 0.27 0.48 0.75 -8.88 24.93 -7.72 2.93 0.26 -1.11
2014-5-24T16:57:15.525 27.41 25.19 1427.76 25.79 0.28 0.47 0.77 -8.88 24.93 -7.72 2.91 0.09 -1.24
2014-5-24T16:57:16.533 27.59 25.19 1427.76 25.79 0.28 0.47 0.75 -9.06 24.99 -8.03 2.83 0.21 -0.87
2014-5-24T16:57:17.540 27.46 25.19 1427.72 25.79 0.27 0.48 0.75 -9.06 24.99 -8.03 2.97 0.14 -1.09
2014-5-24T16:57:18.547 27.43 25.19 1420.46 25.79 0.27 0.48 0.77 -8.94 24.78 -7.87 2.95 0.29 -1.27
2014-5-24T16:57:19.555 27.46 25.19 1420.46 25.79 0.27 0.48 0.77 -8.94 24.78 -7.87 2.92 0.41 -1.17
2014-5-24T16:57:20.563 27.50 25.19 1442.22 25.79 0.28 0.47 0.75 -9.06 24.72 -7.69 2.94 0.33 -1.25
2014-5-24T16:57:21.575 27.42 25.16 1442.27 25.79 0.28 0.47 0.75 -9.06 24.72 -7.69 3.00 0.26 -1.43
2014-5-24T16:57:22.582 27.47 25.16 1464.03 25.79 0.28 0.47 0.75 -9.06 24.78 -8.30 2.85 0.37 -1.18
2014-5-24T16:57:23.589 27.45 25.16 1464.00 25.79 0.27 0.48 0.75 -9.06 24.78 -8.30 2.90 0.29 -1.24
2014-5-24T16:57:24.596 27.38 25.16 1434.99 25.79 0.28 0.47 0.75 -8.94 24.84 -8.15 2.77 0.11 -1.08
2014-5-24T16:57:25.604 27.47 25.16 1434.95 25.79 0.27 0.48 0.75 -8.94 24.84 -8.15 3.12 0.29 -1.40
2014-5-24T16:57:26.612 27.51 25.16 1463.97 25.79 0.28 0.48 0.77 -8.88 24.84 -7.69 2.77 0.21 -1.20
2014-5-24T16:57:27.618 27.54 25.16 1464.04 25.79 0.27 0.47 0.77 -8.88 24.84 -7.69 2.92 0.28 -1.33
2014-5-24T16:57:28.626 27.47 25.16 1456.78 25.79 0.30 0.47 0.77 -8.91 24.96 -7.90 2.97 0.27 -1.32
2014-5-24T16:57:29.637 27.45 25.16 1456.78 25.79 0.27 0.47 0.77 -8.91 24.96 -7.90 3.11 0.38 -1.18
2014-5-24T16:57:30.643 27.40 25.16 1456.72 25.79 0.28 0.45 0.75 -8.88 24.90 -7.97 3.04 0.21 -1.42
2014-5-24T16:57:31.651 27.42 25.16 1449.47 25.79 0.28 0.50 0.77 -8.88 24.90 -7.97 2.93 0.32 -1.43
2014-5-24T16:57:32.659 27.51 25.16 1449.55 25.79 0.28 0.47 0.77 -8.94 24.87 -7.72 2.82 0.34 -1.21
2014-5-24T16:57:33.673 27.40 25.16 1442.29 25.79 0.28 0.48 0.77 -8.94 24.87 -7.72 2.86 0.11 -1.40
2014-5-24T16:57:34.680 27.51 25.16 1442.17 25.79 0.28 0.47 0.75 -9.09 25.02 -7.93 2.89 0.34 -1.20
2014-5-24T16:57:35.688 27.51 25.16 1442.17 25.79 0.27 0.47 0.75 -9.09 25.02 -7.93 2.89 0.26 -1.27
2014-5-24T16:57:36.695 27.49 25.16 1442.22 25.79 0.27 0.48 0.75 -8.94 25.05 -7.84 2.90 0.46 -1.16
2014-5-24T16:57:37.702 27.42 25.16 1463.99 25.79 0.28 0.47 0.75 -8.94 25.05 -7.84 2.76 0.25 -1.34
2014-5-24T16:57:38.714 27.49 25.16 1463.91 25.79 0.27 0.47 0.77 -9.06 25.02 -8.58 2.96 0.34 -1.24
2014-5-24T16:57:39.722 27.51 25.16 1478.41 25.79 0.27 0.48 0.77 -9.06 25.02 -8.58 3.02 0.47 -1.25
2014-5-24T16:57:40.730 27.51 25.16 1478.37 25.79 0.27 0.47 0.75 -8.91 24.93 -8.15 2.98 0.11 -1.37
2014-5-24T16:57:41.736 27.51 25.16 1434.86 25.79 0.27 0.48 0.77 -8.91 24.93 -8.15 2.80 0.21 -1.41
2014-5-24T16:57:42.742 27.51 25.16 1434.86 25.79 0.28 0.47 0.77 -8.76 24.66 -7.93 2.77 0.29 -1.15
2014-5-24T16:57:43.750 27.58 25.16 1449.36 25.79 0.28 0.47 0.75 -8.76 24.66 -7.93 2.89 0.18 -1.30
2014-5-24T16:57:44.758 27.51 25.16 1449.36 25.79 0.28 0.48 0.77 -8.88 24.93 -7.81 2.84 0.34 -0.98
2014-5-24T16:57:45.765 27.49 25.16 1449.41 25.79 0.28 0.47 0.75 -8.88 24.93 -7.81 3.16 0.12 -1.11
2014-5-24T16:57:46.772 27.56 25.16 1463.92 25.79 0.28 0.47 0.75 -8.82 24.93 -7.87 2.92 0.04 -1.23
2014-5-24T16:57:47.777 27.30 25.13 1463.93 25.79 0.28 0.48 0.75 -8.82 24.93 -7.87 2.95 0.17 -1.41
2014-5-24T16:57:48.786 27.30 25.13 1456.68 25.79 0.28 0.47 0.75 -9.00 24.93 -7.90 2.86 0.31 -1.17
2014-5-24T16:57:49.792 27.50 25.13 1456.60 25.79 0.28 0.48 0.75 -9.00 24.93 -7.90 2.88 0.16 -1.19
2014-5-24T16:57:50.800 27.57 25.13 1478.35 25.79 0.28 0.48 0.75 -8.94 24.87 -8.39 2.91 0.40 -1.33
2014-5-24T16:57:51.806 27.57 25.13 1478.38 25.79 0.28 0.48 0.77 -8.94 24.87 -8.39 2.90 0.27 -1.36
2014-5-24T16:57:52.812 27.55 25.13 1456.62 25.79 0.28 0.47 0.75 -8.91 24.78 -8.24 2.95 0.13 -1.18
2014-5-24T16:57:53.819 27.59 25.13 1456.62 25.79 0.28 0.48 0.77 -8.91 24.78 -8.24 2.92 0.44 -1.24
2014-5-24T16:57:54.826 27.57 25.13 1463.87 25.79 0.28 0.48 0.77 -8.94 24.96 -8.15 2.85 0.08 -1.24
2014-5-24T16:57:55.833 27.55 25.13 1463.86 25.79 0.28 0.48 0.77 -8.94 24.96 -8.15 2.91 0.31 -1.24
2014-5-24T16:57:56.839 27.55 25.13 1456.61 25.79 0.28 0.47 0.77 -9.03 24.93 -7.78 2.79 0.27 -1.36
2014-5-24T16:57:57.846 27.46 25.13 1456.61 25.79 0.28 0.48 0.75 -9.03 24.93 -7.78 2.97 0.26 -1.49
2014-5-24T16:57:58.852 27.46 25.13 1471.09 25.79 0.28 0.48 0.75 -9.00 24.99 -8.06 2.81 0.27 -1.41
2014-5-24T16:57:59.857 27.44 25.13 1471.09 25.79 0.27 0.48 0.75 -9.00 24.99 -8.06 2.92 0.25 -1.24
2014-5-24T16:58:0.865 27.59 25.13 1471.07 25.79 0.28 0.47 0.75 -9.06 24.87 -8.51 2.88 0.35 -1.13
2014-5-24T16:58:1.873 27.39 25.13 1492.83 25.79 0.28 0.48 0.77 -9.06 24.87 -8.51 2.88 0.26 -1.12
2014-5-24T16:58:2.880 27.37 25.13 1492.86 25.79 0.28 0.48 0.77 -8.88 24.90 -8.27 3.11 0.24 -1.25
2014-5-24T16:58:3.886 27.46 25.13 1456.60 25.79 0.30 0.47 0.75 -8.88 24.90 -8.27 2.94 0.31 -1.24
2014-5-24T16:58:4.892 27.46 25.13 1456.64 25.79 0.27 0.48 0.77 -9.09 24.93 -8.12 2.87 0.27 -1.11
2014-5-24T16:58:5.899 27.55 25.13 1485.65 25.79 0.27 0.48 0.77 -9.09 24.93 -8.12 2.87 0.31 -1.22
2014-5-24T16:58:6.906 27.55 25.13 1485.62 25.79 0.28 0.47 0.75 -8.94 24.84 -7.84 2.87 0.22 -1.03
2014-5-24T16:58:7.912 27.55 25.13 1471.12 25.79 0.28 0.48 0.75 -8.94 24.84 -7.84 2.82 0.24 -1.22
2014-5-24T16:58:8.919 27.55 25.13 1471.03 25.79 0.28 0.48 0.77 -9.09 24.81 -7.69 2.97 0.24 -1.25
2014-5-24T16:58:9.925 27.64 25.13 1471.03 25.79 0.28 0.48 0.77 -9.09 24.81 -7.69 3.07 0.17 -1.24
2014-5-24T16:58:10.932 27.64 25.13 1471.03 25.79 0.28 0.48 0.77 -9.03 24.87 -8.58 3.11 0.26 -1.13
2014-5-24T16:58:11.939 27.64 25.13 1471.03 25.79 0.28 0.48 0.75 -9.03 24.87 -8.58 2.98 0.32 -1.20
2014-5-24T16:58:12.945 27.64 25.13 1471.06 25.79 0.28 0.48 0.75 -8.88 24.90 -8.21 2.83 0.11 -1.29
2014-5-24T16:58:13.950 27.50 25.13 1471.06 25.79 0.28 0.48 0.77 -8.88 24.90 -8.21 2.93 0.39 -1.24
2014-5-24T16:58:14.955 27.46 25.13 1456.55 25.79 0.28 0.48 0.77 -8.97 24.84 -8.00 2.85 0.18 -1.11
2014-5-24T16:58:15.961 27.46 25.13 1456.61 25.79 0.27 0.48 0.75 -8.97 24.84 -8.00 2.85 0.18 -1.21
2014-5-24T16:58:16.968 27.38 25.09 1471.12 25.79 0.27 0.48 0.75 -8.91 24.84 -7.93 2.85 0.26 -1.24
2014-5-24T16:58:17.974 27.38 25.09 1471.08 25.79 0.28 0.47 0.75 -8.91 24.84 -7.93 3.04 0.33 -1.32
2014-5-24T16:58:18.980 27.42 25.09 1463.82 25.79 0.28 0.47 0.75 -8.97 24.93 -7.60 3.03 0.27 -1.41
2014-5-24T16:58:19.985 27.42 25.09 1463.78 25.71 0.27 0.47 0.75 -8.97 24.93 -7.60 3.08 0.23 -1.21
2014-5-24T16:58:20.991 27.47 25.09 1478.29 25.79 0.27 0.47 0.75 -9.09 24.90 -7.84 2.94 0.14 -1.27
2014-5-24T16:58:21.996 27.47 25.09 1478.25 25.71 0.28 0.47 0.77 -9.09 24.90 -7.84 2.99 0.24 -1.16
2014-5-24T16:58:23.002 27.47 25.09 1485.50 25.71 0.28 0.47 0.75 -9.00 25.05 -8.15 2.94 0.17 -1.20
2014-5-24T16:58:24.008 27.56 25.09 1485.54 25.71 0.27 0.47 0.77 -9.00 25.05 -8.15 2.91 0.37 -1.43
2014-5-24T16:58:25.015 27.47 25.09 1471.03 25.71 0.27 0.48 0.75 -9.00 24.81 -7.84 2.91 0.36 -1.54
2014-5-24T16:58:26.023 27.49 25.09 1471.03 25.71 0.27 0.48 0.77 -9.00 24.81 -7.84 2.98 0.11 -1.19
2014-5-24T16:58:27.036 27.58 25.09 1463.78 25.71 0.28 0.48 0.77 -8.91 25.05 -8.21 3.01 0.19 -1.27
2014-5-24T16:58:28.045 27.49 25.09 1463.78 25.71 0.25 0.48 0.77 -8.91 25.05 -8.21 2.82 0.24 -1.25
2014-5-24T16:58:29.053 27.42 25.09 1463.78 25.71 0.27 0.48 0.77 -8.73 24.90 -7.72 2.84 0.24 -1.15
2014-5-24T16:58:30.060 27.40 25.09 1478.29 25.71 0.28 0.48 0.75 -8.73 24.90 -7.72 2.88 0.22 -1.27
2014-5-24T16:58:31.068 27.47 25.09 1478.30 25.71 0.28 0.47 0.75 -8.91 24.78 -8.18 2.82 0.23 -1.24
2014-5-24T16:58:32.075 27.49 25.09 1471.05 25.71 0.30 0.47 0.77 -8.91 24.78 -8.18 2.58 0.10 -1.14
2014-5-24T16:58:33.083 27.49 25.09 1471.03 25.71 0.27 0.48 0.77 -8.85 24.99 -8.21 2.89 0.34 -1.30
2014-5-24T16:58:34.090 27.47 25.09 1485.54 25.71 0.28 0.47 0.77 -8.85 24.99 -8.21 2.85 0.35 -1.36
2014-5-24T16:58:35.098 27.45 25.09 1485.50 25.71 0.28 0.47 0.75 -9.12 24.72 -7.97 2.92 0.21 -1.24
2014-5-24T16:58:36.105 27.54 25.09 1485.50 25.71 0.27 0.48 0.77 -9.12 24.72 -7.97 2.88 0.19 -1.31
2014-5-24T16:58:37.113 27.56 25.09 1485.52 25.71 0.27 0.48 0.75 -9.00 24.99 -7.81 2.79 0.43 -1.14
2014-5-24T16:58:38.121 27.42 25.09 1492.77 25.71 0.27 0.47 0.77 -9.00 24.99 -7.81 2.74 0.20 -1.39
2014-5-24T16:58:39.127 27.45 25.09 1492.74 25.71 0.28 0.47 0.77 -8.88 24.99 -8.27 2.62 0.10 -1.09
2014-5-24T16:58:40.135 27.47 25.09 1478.23 25.71 0.28 0.48 0.77 -8.88 24.99 -8.27 2.88 0.21 -1.15
2014-5-24T16:58:41.142 27.49 25.09 1478.23 25.71 0.28 0.47 0.75 -8.82 24.87 -7.87 2.72 0.35 -1.09
2014-5-24T16:58:42.150 27.42 25.09 1478.23 25.71 0.27 0.47 0.75 -8.82 24.87 -7.87 2.95 0.27 -1.24
2014-5-24T16:58:43.157 27.40 25.09 1478.18 25.71 0.28 0.48 0.77 -8.97 24.84 -8.03 2.95 0.27 -1.24
2014-5-24T16:58:44.165 27.40 25.09 1478.18 25.71 0.27 0.47 0.77 -8.97 24.84 -8.03 2.87 0.26 -1.43
2014-5-24T16:58:45.174 27.47 25.09 1492.69 25.71 0.28 0.47 0.75 -8.82 24.84 -8.06 3.06 0.30 -1.43
2014-5-24T16:58:46.182 27.36 25.09 1492.79 25.71 0.27 0.48 0.77 -8.82 24.84 -8.06 2.80 0.17 -1.17
2014-5-24T16:58:47.188 27.38 25.09 1492.79 25.71 0.27 0.48 0.75 -8.97 24.93 -8.33 2.73 0.27 -1.27
2014-5-24T16:58:48.195 27.40 25.09 1492.81 25.71 0.27 0.48 0.75 -8.97 24.93 -8.33 2.91 0.25 -1.19
2014-5-24T16:58:49.200 27.40 25.09 1492.81 25.71 0.28 0.47 0.75 -8.97 25.18 -8.51 2.97 0.28 -1.04
2014-5-24T16:58:50.215 27.47 25.09 1492.73 25.71 0.28 0.47 0.75 -9.12 25.15 -8.30 2.85 0.21 -1.37
2014-5-24T16:58:51.220 27.47 25.09 1478.23 25.71 0.28 0.48 0.77 -9.12 25.15 -8.30 2.82 0.24 -1.31
2014-5-24T16:58:52.226 27.47 25.09 1478.23 25.71 0.27 0.48 0.77 -9.12 25.15 -8.30 2.78 0.24 -1.17
2014-5-24T16:58:53.232 27.48 25.06 1485.49 25.71 0.27 0.48 0.77 -8.91 25.05 -8.39 2.87 0.12 -1.32
2014-5-24T16:58:54.239 27.48 25.06 1485.50 25.71 0.27 0.48 0.77 -8.91 25.05 -8.39 2.88 0.16 -1.29
2014-5-24T16:58:55.245 27.48 25.06 1500.00 25.71 0.27 0.48 0.77 -9.00 24.99 -8.15 2.88 0.16 -1.29
2014-5-24T16:58:56.250 27.48 25.06 1499.99 25.71 0.27 0.48 0.77 -9.03 25.15 -8.00 2.99 0.32 -1.34
2014-5-24T16:58:57.257 27.48 25.06 1478.23 25.71 0.27 0.48 0.77 -9.03 25.15 -8.00 2.73 0.24 -1.14
2014-5-24T16:58:58.263 27.48 25.06 1478.23 25.71 0.27 0.48 0.77 -9.03 25.15 -8.00 2.73 0.24 -1.14
2014-5-24T16:58:59.268 27.48 25.06 1521.74 25.71 0.27 0.48 0.77 -9.03 25.15 -8.00 2.75 0.28 -1.16
2014-5-24T16:59:0.275 27.48 25.06 1521.74 25.71 0.28 0.48 0.75 -8.97 25.12 -8.24 3.06 0.31 -1.29
2014-5-24T16:59:1.282 27.46 25.06 1521.73 25.71 0.28 0.48 0.75 -9.09 25.15 -8.30 3.02 0.29 -1.23
2014-5-24T16:59:2.288 27.44 25.06 1507.23 25.71 0.28 0.48 0.75 -9.09 25.15 -8.30 2.95 0.32 -1.35
2014-5-24T16:59:3.294 27.50 25.06 1507.23 25.71 0.27 0.48 0.75 -9.03 24.96 -8.12 3.01 0.22 -1.25
2014-5-24T16:59:4.300 27.26 25.06 1499.98 25.71 0.30 0.45 0.77 -9.03 24.96 -8.12 3.01 0.22 -1.25
2014-5-24T16:59:5.307 27.30 25.06 1499.99 25.71 0.28 0.48 0.77 -8.88 24.84 -8.15 3.00 0.27 -1.27
2014-5-24T16:59:6.313 27.30 25.06 1514.50 25.71 0.28 0.48 0.77 -8.88 24.84 -8.15 2.92 0.26 -1.25
2014-5-24T16:59:7.319 27.37 25.06 1514.46 25.71 0.28 0.48 0.77 -8.85 25.15 -8.97 2.82 0.27 -1.22
2014-5-24T16:59:8.326 27.37 25.06 1521.71 25.71 0.28 0.48 0.75 -8.85 25.15 -8.97 2.67 0.20 -1.27
2014-5-24T16:59:9.331 27.50 25.06 1521.75 25.71 0.28 0.48 0.75 -8.85 24.78 -7.78 2.75 0.50 -1.27
2014-5-24T16:59:10.338 27.46 25.06 1514.50 25.71 0.27 0.47 0.75 -8.85 24.78 -7.78 2.90 0.18 -1.27
2014-5-24T16:59:11.343 27.46 25.06 1514.45 25.71 0.28 0.47 0.75 -9.09 24.78 -8.06 2.97 0.06 -1.30
2014-5-24T16:59:12.349 27.21 25.06 1485.44 25.71 0.28 0.48 0.75 -9.09 24.78 -8.06 2.75 0.24 -1.21
2014-5-24T16:59:13.355 27.26 25.06 1485.44 25.71 0.28 0.47 0.75 -9.03 24.81 -7.69 2.87 0.23 -1.33
2014-5-24T16:59:14.361 27.26 25.06 1485.50 25.71 0.27 0.47 0.77 -9.03 24.81 -7.69 2.84 0.24 -1.32
2014-5-24T16:59:15.367 27.35 25.06 1492.76 25.71 0.27 0.48 0.77 -9.00 24.93 -8.03 2.78 0.30 -1.30
2014-5-24T16:59:16.372 27.26 25.06 1492.70 25.71 0.27 0.48 0.77 -9.00 24.81 -7.97 2.77 0.43 -1.24
2014-5-24T16:59:17.379 27.26 25.06 1507.20 25.71 0.28 0.48 0.77 -9.00 24.81 -7.97 2.85 0.24 -1.38
2014-5-24T16:59:18.384 27.26 25.06 1507.21 25.71 0.28 0.48 0.77 -9.00 24.81 -7.97 2.74 0.25 -1.30
2014-5-24T16:59:19.390 27.26 25.06 1499.96 25.71 0.28 0.48 0.77 -8.88 24.69 -8.91 2.89 0.31 -1.32
2014-5-24T16:59:20.396 27.26 25.06 1499.94 25.71 0.28 0.48 0.77 -8.85 24.81 -8.33 3.02 0.39 -1.16
2014-5-24T16:59:21.403 27.26 25.06 1507.19 25.71 0.28 0.48 0.77 -8.85 24.81 -8.33 2.91 0.31 -1.13
2014-5-24T16:59:22.410 27.26 25.06 1507.16 25.71 0.30 0.48 0.75 -8.85 24.81 -8.33 2.78 0.26 -1.40
2014-5-24T16:59:23.417 27.26 25.06 1499.90 25.71 0.30 0.48 0.75 -8.85 24.93 -7.78 2.87 0.29 -1.24
2014-5-24T16:59:24.422 27.26 25.06 1499.90 25.71 0.28 0.47 0.75 -9.03 24.93 -8.12 2.81 0.18 -1.24
2014-5-24T16:59:25.428 27.26 25.06 1514.41 25.71 0.28 0.47 0.75 -9.03 24.93 -8.12 2.92 0.24 -1.33
2014-5-24T16:59:26.435 27.26 25.06 1514.36 25.71 0.28 0.47 0.75 -9.03 24.93 -8.12 2.75 0.21 -1.40
2014-5-24T16:59:27.441 27.26 25.06 1499.86 25.71 0.28 0.47 0.75 -8.97 24.84 -8.30 2.95 0.07 -1.17
2014-5-24T16:59:28.446 27.26 25.06 1499.86 25.71 0.28 0.48 0.77 -8.94 24.72 -8.58 2.82 0.40 -1.15
2014-5-24T16:59:29.453 27.38 25.03 1499.89 25.71 0.28 0.48 0.75 -8.94 24.72 -8.58 2.95 0.27 -1.29
2014-5-24T16:59:30.460 27.38 25.03 1521.64 25.71 0.28 0.47 0.75 -9.09 24.99 -8.24 2.83 0.19 -1.23
2014-5-24T16:59:31.466 27.40 25.03 1521.60 25.71 0.28 0.47 0.75 -9.09 24.99 -8.24 2.71 0.15 -1.21
2014-5-24T16:59:32.471 27.40 25.03 1507.10 25.71 0.28 0.47 0.75 -9.06 25.02 -8.18 2.85 0.33 -1.33
2014-5-24T16:59:33.476 27.40 25.03 1507.12 25.71 0.27 0.48 0.75 -9.06 25.02 -8.18 2.81 0.27 -1.28
2014-5-24T16:59:34.483 27.40 25.03 1514.37 25.71 0.27 0.48 0.75 -9.06 25.02 -8.18 3.01 0.21 -1.21
2014-5-24T16:59:35.490 27.40 25.03 1514.34 25.71 0.27 0.48 0.75 -9.19 24.99 -8.15 2.83 0.22 -1.27
2014-5-24T16:59:36.496 27.40 25.03 1543.34 25.71 0.27 0.48 0.75 -9.19 24.99 -8.15 2.78 0.28 -1.36
2014-5-24T16:59:37.502 27.40 25.03 1543.39 25.62 0.27 0.48 0.75 -8.94 25.02 -7.90 3.00 0.21 -1.12
2014-5-24T16:59:38.508 27.40 25.03 1543.39 25.62 0.28 0.48 0.77 -8.82 24.81 -8.03 2.85 0.14 -1.12
2014-5-24T16:59:39.513 27.40 25.03 1543.33 25.62 0.28 0.48 0.77 -8.82 24.81 -8.03 2.90 0.36 -1.18
2014-5-24T16:59:40.520 27.40 25.03 1543.33 25.71 0.28 0.48 0.77 -8.82 24.81 -8.03 2.95 0.34 -1.27
2014-5-24T16:59:41.528 27.40 25.03 1543.33 25.62 0.27 0.47 0.75 -9.00 24.90 -8.21 2.91 0.21 -1.24
2014-5-24T16:59:42.535 27.31 25.03 1543.36 25.62 0.27 0.47 0.75 -8.88 24.93 -7.84 2.91 0.09 -1.29
2014-5-24T16:59:43.541 27.31 25.03 1543.36 25.62 0.28 0.48 0.75 -8.88 24.93 -7.84 2.88 0.24 -1.16
2014-5-24T16:59:44.548 27.31 25.03 1543.39 25.62 0.28 0.48 0.75 -9.09 24.87 -8.12 2.87 0.32 -1.31
2014-5-24T16:59:45.554 27.31 25.03 1536.14 25.62 0.28 0.48 0.75 -9.09 24.87 -8.12 2.95 0.32 -1.27
2014-5-24T16:59:46.560 27.31 25.03 1536.09 25.62 0.27 0.48 0.77 -9.06 24.93 -8.27 2.82 0.34 -1.22
2014-5-24T16:59:47.567 27.31 25.03 1594.10 25.62 0.28 0.48 0.77 -9.06 24.93 -8.27 2.81 0.11 -1.34
2014-5-24T16:59:48.577 27.36 25.03 1594.14 25.62 0.27 0.47 0.75 -8.79 24.87 -8.21 2.97 0.30 -1.25
2014-5-24T16:59:49.584 27.36 25.03 1586.89 25.62 0.27 0.47 0.75 -8.79 24.87 -8.21 2.99 0.17 -1.25
2014-5-24T16:59:50.589 27.36 25.03 1586.83 25.62 0.28 0.47 0.75 -8.94 24.99 -7.87 2.96 0.21 -1.37
2014-5-24T16:59:51.596 27.36 25.03 1550.58 25.62 0.27 0.48 0.75 -8.94 24.99 -7.87 2.69 0.25 -1.27
2014-5-24T16:59:52.601 27.36 25.03 1550.59 25.62 0.28 0.50 0.77 -8.85 25.05 -8.48 3.05 0.27 -1.24
2014-5-24T16:59:53.607 27.36 25.03 1507.08 25.62 0.28 0.48 0.75 -8.85 25.05 -8.48 2.81 0.36 -1.25
2014-5-24T16:59:54.612 27.31 25.03 1507.05 25.62 0.28 0.48 0.75 -9.03 25.02 -8.03 2.89 0.42 -1.14
2014-5-24T16:59:55.617 27.31 25.03 1521.55 25.62 0.28 0.48 0.75 -9.03 25.02 -8.03 2.88 0.24 -1.15
2014-5-24T16:59:56.624 27.31 25.03 1521.57 25.62 0.28 0.48 0.75 -9.06 24.99 -8.00 3.05 0.15 -1.34
2014-5-24T16:59:57.634 27.31 25.03 1521.57 25.62 0.28 0.48 0.75 -9.06 24.99 -8.00 2.88 0.21 -1.05
2014-5-24T16:59:58.644 27.31 25.03 1507.07 25.62 0.27 0.48 0.75 -9.09 24.96 -7.87 2.92 0.27 -1.42
2014-5-24T16:59:59.650 27.38 25.03 1507.05 25.62 0.27 0.48 0.77 -9.09 24.96 -7.87 2.90 0.20 -1.11
2014-5-24T17:0:0.656 27.33 25.00 1499.80 25.62 0.27 0.48 0.77 -9.22 24.93 -7.97 2.92 0.40 -1.21
2014-5-24T17:0:1.665 27.28 25.00 1499.85 25.62 0.28 0.48 0.77 -9.22 24.93 -7.97 2.68 0.21 -1.17
2014-5-24T17:0:2.670 27.28 25.00 1507.10 25.62 0.28 0.48 0.73 -8.88 24.87 -7.60 2.81 0.10 -1.18
2014-5-24T17:0:3.684 27.21 25.00 1507.12 25.62 0.27 0.47 0.77 -8.88 24.87 -7.60 2.62 0.24 -1.39
2014-5-24T17:0:4.689 27.28 25.00 1492.62 25.62 0.27 0.47 0.77 -9.00 25.02 -8.24 2.92 0.34 -1.10
2014-5-24T17:0:5.695 27.28 25.00 1492.52 25.62 0.27 0.48 0.77 -9.00 25.02 -8.24 2.85 0.31 -1.21
2014-5-24T17:0:6.701 27.30 25.00 1521.53 25.62 0.27 0.47 0.77 -8.82 24.87 -8.12 2.80 0.28 -1.08
2014-5-24T17:0:7.708 27.21 25.00 1521.53 25.62 0.28 0.47 0.75 -8.82 24.87 -8.12 2.96 0.24 -1.39
2014-5-24T17:0:8.721 27.19 25.00 1536.03 25.62 0.28 0.47 0.75 -9.00 24.93 -8.24 2.93 0.27 -1.16
2014-5-24T17:0:9.727 27.19 25.00 1536.05 25.62 0.27 0.48 0.75 -9.00 24.93 -8.24 2.80 0.45 -1.25
2014-5-24T17:0:10.734 27.30 25.00 1536.05 25.62 0.28 0.47 0.75 -8.88 24.93 -8.15 2.91 0.43 -1.43
2014-5-24T17:0:11.740 27.33 25.00 1514.29 25.62 0.28 0.50 0.77 -8.88 24.93 -8.15 2.78 0.28 -1.33
2014-5-24T17:0:12.747 27.28 25.00 1536.08 25.62 0.28 0.48 0.77 -9.09 24.72 -8.12 3.04 0.31 -1.27
2014-5-24T17:0:13.754 27.24 25.00 1536.08 25.62 0.28 0.47 0.75 -9.09 24.72 -8.12 2.62 0.26 -1.34
2014-5-24T17:0:14.761 27.21 25.00 1536.04 25.62 0.28 0.48 0.75 -9.00 25.02 -7.93 2.91 0.20 -1.17
2014-5-24T17:0:15.767 27.33 25.00 1550.54 25.62 0.27 0.48 0.75 -9.00 25.02 -7.93 2.82 0.38 -1.27
2014-5-24T17:0:16.772 27.30 25.00 1550.55 25.62 0.28 0.48 0.75 -8.85 24.90 -8.09 2.78 0.27 -1.34
2014-5-24T17:0:17.779 27.30 25.00 1550.55 25.62 0.28 0.48 0.75 -8.85 24.90 -8.09 2.99 0.18 -1.30
2014-5-24T17:0:18.785 27.30 25.00 1550.59 25.62 0.27 0.50 0.77 -9.16 24.90 -8.48 2.86 0.21 -1.08
2014-5-24T17:0:19.797 27.51 25.00 1543.34 25.62 0.28 0.47 0.75 -9.16 24.90 -8.48 2.88 0.23 -1.27
2014-5-24T17:0:20.803 27.51 25.00 1543.25 25.62 0.28 0.47 0.77 -9.03 24.84 -7.51 3.02 0.37 -1.11
2014-5-24T17:0:21.809 27.60 25.00 1550.50 25.62 0.28 0.47 0.77 -9.03 24.84 -7.51 2.82 0.33 -1.27
2014-5-24T17:0:22.814 27.60 25.00 1550.55 25.62 0.28 0.47 0.77 -9.03 24.84 -7.51 2.89 0.21 -1.30
