# date irTemp ambientTemp pressure humidity acceleration(x y z) magnetometer(x y z) gyroscope(x y z)
2014-5-25T18:48:7.432 0 0 0 0 0 0 0 0 0 0 0 0 0
2014-5-25T18:48:7.537 0 0 0 0 0 0 0 0 0 0 0 0 0
2014-5-25T18:48:7.640 0 0 0 0 0 0 0 0 0 0 0 0 0
2014-5-25T18:48:7.743 0 0 0 0 0 0 0 0 0 0 0 0 0
2014-5-25T18:48:7.845 0 0 0 0 0 0 0 0 0 0 0 0 0
2014-5-25T18:48:7.948 0 0 0 0 0 0 0 0 0 0 0 0 0
2014-5-25T18:48:8.052 0 0 0 0 0 0 0 0 0 0 0 0 0
2014-5-25T18:48:8.155 0 0 0 0 0 0 0 0 0 0 0 0 0
2014-5-25T18:48:8.258 0 0 0 0 0 0 0 0 0 0 0 0 0
2014-5-25T18:48:8.361 0 0 0 0 0 0 0 0 0 0 0 0 0
2014-5-25T18:48:8.463 0 0 0 0 0 0 0 0 0 0 0 0 0
2014-5-25T18:48:8.566 0 0 0 0 0 0 0 0 0 0 0 0 0
2014-5-25T18:48:8.668 0 0 0 0 0 0 0 0 0 0 0 0 0
2014-5-25T18:48:8.770 0 0 0 0 0 0 0 0 0 0 0 0 0
2014-5-25T18:48:8.873 0 0 0 0 0 0 0 0 0 0 0 0 0
2014-5-25T18:48:8.976 0 0 0 0 0 0 0 0 0 0 0 0 0
2014-5-25T18:48:9.080 0 0 0 0 0 0 0 0 0 0 0 0 0
2014-5-25T18:48:9.183 0 0 0 0 0 0 0 0 0 0 0 0 0
2014-5-25T18:48:9.287 0 0 0 0 0 0 0 0 0 0 0 0 0
2014-5-25T18:48:9.389 0 0 0 0 0 0 0 0 0 0 0 0 0
2014-5-25T18:48:9.492 0 0 0 0 0 0 0 0 0 0 0 0 0
2014-5-25T18:48:9.595 0 0 0 0 0 0 0 0 0 0 0 0 0
2014-5-25T18:48:9.696 0 0 0 0 0 0 0 0 0 0 0 0 0
2014-5-25T18:48:9.799 0 0 0 0 0 0 0 0 0 0 0 0 0
2014-5-25T18:48:9.901 0 0 0 0 0 0 0 0 0 0 0 0 0
2014-5-25T18:48:10.002 0 0 0 0 0 0 0 0 0 0 0 0 0
2014-5-25T18:48:10.105 0 0 0 0 0 0 0 0 0 0 0 0 0
2014-5-25T18:48:10.208 0 0 0 0 0 0 0 0 0 0 0 0 0
2014-5-25T18:48:10.310 0 0 0 0 0 0 0 0 0 0 0 0 0
2014-5-25T18:48:10.413 0 0 0 0 0 0 0 0 0 0 0 0 0
2014-5-25T18:48:10.516 0 0 0 0 0 0 0 0 0 0 0 0 0
2014-5-25T18:48:10.618 0 0 0 0 0 0 0 0 0 0 0 0 0
2014-5-25T18:48:10.722 0 0 0 0 0 0 0 0 0 0 0 0 0
2014-5-25T18:48:10.826 0 0 0 0 0 0 0 0 0 0 0 0 0
2014-5-25T18:48:10.928 0 0 0 0 0 0 0 0 0 0 0 0 0
2014-5-25T18:48:11.030 0 0 0 0 0 0 0 0 0 0 0 0 0
2014-5-25T18:48:11.133 0 0 0 0 0 0 0 0 0 0 0 0 0
2014-5-25T18:48:11.235 0 0 0 0 0 0 0 0 0 0 0 0 0
2014-5-25T18:48:11.338 0 0 0 0 0 0 0 0 0 0 0 0 0
2014-5-25T18:48:11.440 0 0 0 0 0 0 0 0 0 0 0 0 0
2014-5-25T18:48:11.542 0 0 0 0 0 0 0 0 0 0 0 0 0
2014-5-25T18:48:11.645 0 0 0 0 0 0 0 0 0 0 0 0 0
2014-5-25T18:48:11.747 0 0 0 0 0 0 0 0 0 0 0 0 0
2014-5-25T18:48:11.851 0 0 0 0 0 0 0 0 0 0 0 0 0
2014-5-25T18:48:11.954 0 0 0 0 0 0 0 0 0 0 0 0 0
2014-5-25T18:48:12.057 0 0 0 0 0 0 0 0 0 0 0 0 0
2014-5-25T18:48:12.161 0 0 0 0 0 0 0 0 0 0 0 0 0
2014-5-25T18:48:12.263 0 0 0 0 0 0 0 0 0 0 0 0 0
2014-5-25T18:48:12.366 0 0 0 0 0 0 0 0 0 0 0 0 0
2014-5-25T18:48:12.469 0 0 0 0 0 0 0 0 0 0 0 0 0
2014-5-25T18:48:12.574 0 0 0 0 0 0 0 0 0 0 0 0 0
2014-5-25T18:48:12.677 0 0 0 0 0 0 0 0 0 0 0 0 0
2014-5-25T18:48:12.781 0 0 0 0 0 0 0 0 0 0 0 0 0
2014-5-25T18:48:12.884 0 0 0 0 0 0 0 0 0 0 0 0 0
2014-5-25T18:48:12.991 0 0 0 0 0 0 0 0 0 0 0 0 0
2014-5-25T18:48:13.094 0 0 0 0 0 0 0 0 0 0 0 0 0
2014-5-25T18:48:13.195 0 0 0 0 0 0 0 0 0 0 0 0 0
2014-5-25T18:48:13.300 0 0 0 0 0 0 0 0 0 0 0 0 0
2014-5-25T18:48:13.403 0 0 0 0 0 0 0 0 0 0 0 0 0
2014-5-25T18:48:13.507 0 0 0 0 0 0 0 0 0 0 0 0 0
2014-5-25T18:48:13.610 0 0 0 0 0 0 0 0 0 0 0 0 0
2014-5-25T18:48:13.714 0 0 0 0 0 0 0 0 0 0 0 0 0
2014-5-25T18:48:13.815 0 0 0 0 0 0 0 0 0 0 0 0 0
2014-5-25T18:48:13.918 0 0 0 0 0 0 0 0 0 0 0 0 0
2014-5-25T18:48:14.021 0 0 0 0 0 0 0 0 0 0 0 0 0
2014-5-25T18:48:14.126 0 0 0 0 0 0 0 0 0 0 0 0 0
2014-5-25T18:48:14.232 0 0 0 0 0 0 0 0 0 0 0 0 0
2014-5-25T18:48:14.334 0 0 0 0 0 0 0 0 0 0 0 0 0
2014-5-25T18:48:14.437 0 0 0 0 0 0 0 0 0 0 0 0 0
2014-5-25T18:48:14.539 0 0 0 0 0 0 0 0 0 0 0 0 0
2014-5-25T18:48:14.642 0 0 0 0 0 0 0 0 0 0 0 0 0
2014-5-25T18:48:14.744 0 0 0 0 0 0 0 0 0 0 0 0 0
2014-5-25T18:48:14.846 0 0 0 0 0 0 0 0 0 0 0 0 0
2014-5-25T18:48:14.950 0 0 0 0 0 0 0 0 0 0 0 0 0
2014-5-25T18:48:15.053 0 0 0 0 0 0 0 0 0 0 0 0 0
2014-5-25T18:48:15.155 0 0 0 0 0 0 0 0 0 0 0 0 0
2014-5-25T18:48:15.257 0 0 0 0 0 0 0 0 0 0 0 0 0
2014-5-25T18:48:15.361 0 0 0 0 0 0 0 0 0 0 0 0 0
2014-5-25T18:48:15.464 0 0 0 0 0 0 0 0 0 0 0 0 0
2014-5-25T18:48:15.568 0 0 0 0 0 0 0 0 0 0 0 0 0
2014-5-25T18:48:15.671 0 0 0 0 0 0 0 0 0 0 0 0 0
2014-5-25T18:48:15.774 0 0 0 0 0 0 0 0 0 0 0 0 0
2014-5-25T18:48:15.875 0 0 0 0 0 0 0 0 0 0 0 0 0
2014-5-25T18:48:15.977 0 0 0 0 0 0 0 0 0 0 0 0 0
2014-5-25T18:48:16.080 0 0 0 0 0 0 0 0 0 0 0 0 0
2014-5-25T18:48:16.182 0 0 0 0 0 0 0 0 0 0 0 0 0
2014-5-25T18:48:16.286 0 0 0 0 0 0 0 0 0 0 0 0 0
2014-5-25T18:48:16.389 0 0 0 0 0 0 0 0 0 0 0 0 0
2014-5-25T18:48:16.493 0 0 0 0 0 0 0 0 0 0 0 0 0
2014-5-25T18:48:16.594 0 0 0 0 0 0 0 0 0 0 0 0 0
2014-5-25T18:48:16.698 0 0 0 0 0 0 0 0 0 0 0 0 0
2014-5-25T18:48:16.800 0 0 0 0 0 0 0 0 0 0 0 0 0
2014-5-25T18:48:16.902 0 0 0 0 0 0 0 0 0 0 0 0 0
2014-5-25T18:48:17.004 0 0 0 0 0 0 0 0 0 0 0 0 0
2014-5-25T18:48:17.108 0 0 0 0 0 0 0 0 0 0 0 0 0
2014-5-25T18:48:17.210 0 0 0 0 0 0 0 0 0 0 0 0 0
2014-5-25T18:48:17.312 0 0 0 0 0 0 0 0 0 0 0 0 0
2014-5-25T18:48:17.413 0 0 0 0 0 0 0 0 0 0 0 0 0
2014-5-25T18:48:17.516 0 0 0 0 0 0 0 0 0 0 0 0 0
2014-5-25T18:48:17.619 0 0 0 0 0 0 0 0 0 0 0 0 0
2014-5-25T18:48:17.722 0 0 0 0 0 0 0 0 0 0 0 0 0
2014-5-25T18:48:17.823 0 0 0 0 0 0 0 0 0 0 0 0 0
2014-5-25T18:48:17.926 0 0 0 0 0 0 0 0 0 0 0 0 0
2014-5-25T18:48:18.029 0 0 0 0 0 0 0 0 0 0 0 0 0
2014-5-25T18:48:18.133 0 0 0 0 0 0 0 0 0 0 0 0 0
2014-5-25T18:48:18.234 0 0 0 0 0 0 0 0 0 0 0 0 0
2014-5-25T18:48:18.337 0 0 0 0 0 0 0 0 0 0 0 0 0
2014-5-25T18:48:18.441 0 0 0 0 0 0 0 0 0 0 0 0 0
2014-5-25T18:48:18.543 0 0 0 0 0 0 0 0 0 0 0 0 0
2014-5-25T18:48:18.650 0 0 0 0 0 0 0 0 0 0 0 0 0
2014-5-25T18:48:18.752 0 0 0 0 0 0 0 0 0 0 0 0 0
2014-5-25T18:48:18.854 0 0 0 0 0 0 0 0 0 0 0 0 0
2014-5-25T18:48:18.956 0 0 0 0 0 0 0 0 0 0 0 0 0
2014-5-25T18:48:19.061 0 0 0 0 0 0 0 0 0 0 0 0 0
2014-5-25T18:48:19.163 0 0 0 0 0 0 0 0 0 0 0 0 0
2014-5-25T18:48:19.265 0 0 0 0 0 0 0 0 0 0 0 0 0
2014-5-25T18:48:19.369 0 0 0 0 0 0 0 0 0 0 0 0 0
2014-5-25T18:48:19.471 0 0 0 0 0 0 0 0 0 0 0 0 0
2014-5-25T18:48:19.575 0 0 0 0 0 0 0 0 0 0 0 0 0
2014-5-25T18:48:19.683 0 0 0 0 0 0 0 0 0 0 0 0 0
2014-5-25T18:48:19.786 0 0 0 0 0 0 0 0 0 0 0 0 0
2014-5-25T18:48:19.891 0 0 0 0 0 0 0 0 0 0 0 0 0
2014-5-25T18:48:19.993 0 0 0 0 0 0 0 0 0 0 0 0 0
2014-5-25T18:48:20.096 0 0 0 0 0 0 0 0 0 0 0 0 0
2014-5-25T18:48:20.199 0 0 0 0 0 0 0 0 0 0 0 0 0
2014-5-25T18:48:20.302 0 0 0 0 0 0 0 0 0 0 0 0 0
2014-5-25T18:48:20.407 0 0 0 0 0 0 0 0 0 0 0 0 0
2014-5-25T18:48:20.511 0 0 0 0 0 0 0 0 0 0 0 0 0
2014-5-25T18:48:20.618 0 0 0 0 0 0 0 0 0 0 0 0 0
2014-5-25T18:48:20.720 0 0 0 0 0 0 0 0 0 0 0 0 0
2014-5-25T18:48:20.829 0 0 0 0 0 0 0 0 0 0 0 0 0
2014-5-25T18:48:20.940 0 0 0 0 0 0 0 0 0 0 0 0 0
2014-5-25T18:48:21.044 0 0 0 0 0 0 0 0 0 0 0 0 0
2014-5-25T18:48:21.147 0 0 0 0 0 0 0 0 0 0 0 0 0
2014-5-25T18:48:21.249 0 0 0 0 0 0 0 0 0 0 0 0 0
2014-5-25T18:48:21.354 0 0 0 0 0 0 0 0 0 0 0 0 0
2014-5-25T18:48:21.457 0 0 0 0 0 0 0 0 0 0 0 0 0
2014-5-25T18:48:21.561 0 0 0 0 0 0 0 0 0 0 0 0 0
2014-5-25T18:48:21.664 0 0 0 0 0 0 0 0 0 0 0 0 0
2014-5-25T18:48:21.766 0 0 0 0 0 0 0 0 0 0 0 0 0
2014-5-25T18:48:21.869 0 0 0 0 0 0 0 0 0 0 0 0 0
2014-5-25T18:48:21.972 0 0 0 0 0 0 0 0 0 0 0 0 0
2014-5-25T18:48:22.073 0 0 0 0 0 0 0 0 0 0 0 0 0
2014-5-25T18:48:22.176 0 0 0 0 0 0 0 0 0 0 0 0 0
2014-5-25T18:48:22.279 0 0 0 0 0 0 0 0 0 0 0 0 0
2014-5-25T18:48:22.383 0 0 0 0 0 0 0 0 0 0 0 0 0
2014-5-25T18:48:22.487 0 0 0 0 0 0 0 0 0 0 0 0 0
2014-5-25T18:48:22.590 0 0 0 0 0 0 0 0 0 0 0 0 0
2014-5-25T18:48:22.692 0 0 0 0 0 0 0 0 0 0 0 0 0
2014-5-25T18:48:22.795 0 0 0 0 0 0 0 0 0 0 0 0 0
2014-5-25T18:48:22.899 0 0 0 0 0 0 0 0 0 0 0 0 0
2014-5-25T18:48:23.002 0 0 0 0 0 0 0 0 0 0 0 0 0
2014-5-25T18:48:23.104 0 0 0 0 0 0 0 0 0 0 0 0 0
2014-5-25T18:48:23.206 0 0 0 0 0 0 0 0 0 0 0 0 0
2014-5-25T18:48:23.309 0 0 0 0 0 0 0 0 0 0 0 0 0
2014-5-25T18:48:23.412 0 0 0 0 0 0 0 0 0 0 0 0 0
2014-5-25T18:48:23.516 0 0 0 0 0 0 0 0 0 0 0 0 0
2014-5-25T18:48:23.619 0 0 0 0 0 0 0 0 0 0 0 0 0
2014-5-25T18:48:23.721 0 0 0 0 0 0 0 0 0 0 0 0 0
2014-5-25T18:48:23.824 0 0 0 0 0 0 0 0 0 0 0 0 0
2014-5-25T18:48:23.926 0 0 0 0 0 0 0 0 0 0 0 0 0
2014-5-25T18:48:24.028 0 0 0 0 0 0 0 0 0 0 0 0 0
2014-5-25T18:48:24.133 0 0 0 0 0 0 0 0 0 0 0 0 0
2014-5-25T18:48:24.235 0 0 0 0 0 0 0 0 0 0 0 0 0
2014-5-25T18:48:24.338 0 0 0 0 0 0 0 0 0 0 0 0 0
2014-5-25T18:48:24.440 0 0 0 0 0 0 0 0 0 0 0 0 0
2014-5-25T18:48:24.543 0 0 0 0 0 0 0 0 0 0 0 0 0
2014-5-25T18:48:24.647 0 0 0 0 0 0 0 0 0 0 0 0 0
2014-5-25T18:48:24.752 0 0 0 0 0 0 0 0 0 0 0 0 0
2014-5-25T18:48:24.853 0 0 0 0 0 0 0 0 0 0 0 0 0
2014-5-25T18:48:24.957 0 0 0 0 0 0 0 0 0 0 0 0 0
2014-5-25T18:48:25.061 0 0 0 0 0 0 0 0 0 0 0 0 0
2014-5-25T18:48:25.162 0 0 0 0 0 0 0 0 0 0 0 0 0
2014-5-25T18:48:25.264 0 0 0 0 0 0 0 0 0 0 0 0 0
2014-5-25T18:48:25.367 0 0 0 0 0 0 0 0 0 0 0 0 0
2014-5-25T18:48:25.470 0 0 0 0 0 0 0 0 0 0 0 0 0
2014-5-25T18:48:25.572 0 0 0 0 0 0 0 0 0 0 0 0 0
2014-5-25T18:48:25.675 0 0 0 0 0 0 0 0 0 0 0 0 0
2014-5-25T18:48:25.779 0 0 0 0 0 0 0 0 0 0 0 0 0
2014-5-25T18:48:25.880 0 0 0 0 0 0 0 0 0 0 0 0 0
2014-5-25T18:48:25.983 0 0 0 0 0 0 0 0 0 0 0 0 0
2014-5-25T18:48:26.085 0 0 0 0 0 0 0 0 0 0 0 0 0
2014-5-25T18:48:26.187 0 0 0 0 0 0 0 0 0 0 0 0 0
2014-5-25T18:48:26.288 0 0 0 0 0 0 0 0 0 0 0 0 0
2014-5-25T18:48:26.391 0 0 0 0 0 0 0 0 0 0 0 0 0
2014-5-25T18:48:26.494 0 0 0 0 0 0 0 0 0 0 0 0 0
2014-5-25T18:48:26.598 0 0 0 0 0 0 0 0 0 0 0 0 0
2014-5-25T18:48:26.701 0 0 0 0 0 0 0 0 0 0 0 0 0
2014-5-25T18:48:26.805 0 0 0 0 0 0 0 0 0 0 0 0 0
2014-5-25T18:48:26.909 0 0 0 0 0 0 0 0 0 0 0 0 0
2014-5-25T18:48:27.010 0 0 0 0 0 0 0 0 0 0 0 0 0
2014-5-25T18:48:27.113 0 0 0 0 0 0 0 0 0 0 0 0 0
2014-5-25T18:48:27.217 0 0 0 0 0 0 0 0 0 0 0 0 0
2014-5-25T18:48:27.319 0 0 0 0 0 0 0 0 0 0 0 0 0
2014-5-25T18:48:27.422 0 0 0 0 0 0 0 0 0 0 0 0 0
2014-5-25T18:48:27.526 0 0 0 0 0 0 0 0 0 0 0 0 0
2014-5-25T18:48:27.629 0 0 0 0 0 0 0 0 0 0 0 0 0
2014-5-25T18:48:27.732 0 0 0 0 0 0 0 0 0 0 0 0 0
2014-5-25T18:48:27.834 0 0 0 0 0 0 0 0 0 0 0 0 0
2014-5-25T18:48:27.937 0 0 0 0 0 0 0 0 0 0 0 0 0
2014-5-25T18:48:28.041 0 0 0 0 0 0 0 0 0 0 0 0 0
2014-5-25T18:48:28.144 0 0 0 0 0 0 0 0 0 0 0 0 0
2014-5-25T18:48:28.246 0 0 0 0 0 0 0 0 0 0 0 0 0
2014-5-25T18:48:28.347 0 0 0 0 0 0 0 0 0 0 0 0 0
2014-5-25T18:48:28.451 0 0 0 0 0 0 0 0 0 0 0 0 0
2014-5-25T18:48:28.553 0 0 0 0 0 0 0 0 0 0 0 0 0
2014-5-25T18:48:28.656 0 0 0 0 0 0 0 0 0 0 0 0 0
2014-5-25T18:48:28.759 0 0 0 0 0 0 0 0 0 0 0 0 0
2014-5-25T18:48:28.863 0 0 0 0 0 0 0 0 0 0 0 0 0
2014-5-25T18:48:28.966 0 0 0 0 0 0 0 0 0 0 0 0 0
2014-5-25T18:48:29.068 0 0 0 0 0 0 0 0 0 0 0 0 0
2014-5-25T18:48:29.170 0 0 0 0 0 0 0 0 0 0 0 0 0
2014-5-25T18:48:29.272 0 0 0 0 0 0 0 0 0 0 0 0 0
2014-5-25T18:48:29.374 0 0 0 0 0 0 0 0 0 0 0 0 0
2014-5-25T18:48:29.475 0 0 0 0 0 0 0 0 0 0 0 0 0
2014-5-25T18:48:29.577 0 0 0 0 0 0 0 0 0 0 0 0 0
2014-5-25T18:48:29.680 0 0 0 0 0 0 0 0 0 0 0 0 0
2014-5-25T18:48:29.782 0 0 0 0 0 0 0 0 0 0 0 0 0
2014-5-25T18:48:29.886 0 0 0 0 0 0 0 0 0 0 0 0 0
2014-5-25T18:48:29.987 0 0 0 0 0 0 0 0 0 0 0 0 0
2014-5-25T18:48:30.091 0 0 0 0 0 0 0 0 0 0 0 0 0
2014-5-25T18:48:30.194 0 0 0 0 0 0 0 0 0 0 0 0 0
2014-5-25T18:48:30.299 0 0 0 0 0 0 0 0 0 0 0 0 0
2014-5-25T18:48:30.402 0 0 0 0 0 0 0 0 0 0 0 0 0
2014-5-25T18:48:30.506 0 0 0 0 0 0 0 0 0 0 0 0 0
2014-5-25T18:48:30.608 0 0 0 0 0 0 0 0 0 0 0 0 0
2014-5-25T18:48:30.713 0 0 0 0 0 0 0 0 0 0 0 0 0
2014-5-25T18:48:30.817 0 0 0 0 0 0 0 0 0 0 0 0 0
2014-5-25T18:48:30.919 0 0 0 0 0 0 0 0 0 0 0 0 0
2014-5-25T18:48:31.023 0 0 0 0 0 0 0 0 0 0 0 0 0
2014-5-25T18:48:31.125 0 0 0 0 0 0 0 0 0 0 0 0 0
2014-5-25T18:48:31.228 0 0 0 0 0 0 0 0 0 0 0 0 0
2014-5-25T18:48:31.331 0 0 0 0 0 0 0 0 0 0 0 0 0
2014-5-25T18:48:31.435 0 0 0 0 0 0 0 0 0 0 0 0 0
2014-5-25T18:48:31.538 0 0 0 0 0 0 0 0 0 0 0 0 0
2014-5-25T18:48:31.640 0 0 0 0 0 0 0 0 0 0 0 0 0
2014-5-25T18:48:31.742 0 0 0 0 0 0 0 0 0 0 0 0 0
2014-5-25T18:48:31.845 0 0 0 0 0 0 0 0 0 0 0 0 0
2014-5-25T18:48:31.949 0 0 0 0 0 0 0 0 0 0 0 0 0
2014-5-25T18:48:32.051 0 0 0 0 0 0 0 0 0 0 0 0 0
2014-5-25T18:48:32.156 0 0 0 0 0 0 0 0 0 0 0 0 0
2014-5-25T18:48:32.259 0 0 0 0 0 0 0 0 0 0 0 0 0
2014-5-25T18:48:32.361 0 0 0 0 0 0 0 0 0 0 0 0 0
2014-5-25T18:48:32.464 0 0 0 0 0 0 0 0 0 0 0 0 0
2014-5-25T18:48:32.565 0 0 0 0 0 0 0 0 0 0 0 0 0
2014-5-25T18:48:32.669 0 0 0 0 0 0 0 0 0 0 0 0 0
2014-5-25T18:48:32.772 0 0 0 0 0 0 0 0 0 0 0 0 0
2014-5-25T18:48:32.875 0 0 0 0 0 0 0 0 0 0 0 0 0
2014-5-25T18:48:32.978 0 0 0 0 0 0 0 0 0 0 0 0 0
2014-5-25T18:48:33.082 0 0 0 0 0 0 0 0 0 0 0 0 0
2014-5-25T18:48:33.184 0 0 0 0 0 0 0 0 0 0 0 0 0
2014-5-25T18:48:33.287 0 0 0 0 0 0 0 0 0 0 0 0 0
2014-5-25T18:48:33.391 0 0 0 0 0 0 0 0 0 0 0 0 0
2014-5-25T18:48:33.494 0 0 0 0 0 0 0 0 0 0 0 0 0
2014-5-25T18:48:33.596 0 0 0 0 0 0 0 0 0 0 0 0 0
2014-5-25T18:48:33.698 0 0 0 0 0 0 0 0 0 0 0 0 0
2014-5-25T18:48:33.801 0 0 0 0 0 0 0 0 0 0 0 0 0
2014-5-25T18:48:33.903 0 0 0 0 0 0 0 0 0 0 0 0 0
2014-5-25T18:48:34.006 0 0 0 0 0 0 0 0 0 0 0 0 0
2014-5-25T18:48:34.110 0 0 0 0 0 0 0 0 0 0 0 0 0
2014-5-25T18:48:34.212 0 0 0 0 0 0 0 0 0 0 0 0 0
2014-5-25T18:48:34.315 0 0 0 0 0 0 0 0 0 0 0 0 0
2014-5-25T18:48:34.417 0 0 0 0 0 0 0 0 0 0 0 0 0
2014-5-25T18:48:34.521 0 0 0 0 0 0 0 0 0 0 0 0 0
2014-5-25T18:48:34.623 0 0 0 0 0 0 0 0 0 0 0 0 0
2014-5-25T18:48:34.727 0 0 0 0 0 0 0 0 0 0 0 0 0
2014-5-25T18:48:34.830 0 0 0 0 0 0 0 0 0 0 0 0 0
2014-5-25T18:48:34.932 0 0 0 0 0 0 0 0 0 0 0 0 0
2014-5-25T18:48:35.036 0 0 0 0 0 0 0 0 0 0 0 0 0
2014-5-25T18:48:35.138 0 0 0 0 0 0 0 0 0 0 0 0 0
2014-5-25T18:48:35.241 0 0 0 0 0 0 0 0 0 0 0 0 0
2014-5-25T18:48:35.344 0 0 0 0 0 0 0 0 0 0 0 0 0
2014-5-25T18:48:35.447 0 0 0 0 0 0 0 0 0 0 0 0 0
2014-5-25T18:48:35.550 0 0 0 0 0 0 0 0 0 0 0 0 0
2014-5-25T18:48:35.653 0 0 0 0 0 0 0 0 0 0 0 0 0
2014-5-25T18:48:35.756 0 0 0 0 0 0 0 0 0 0 0 0 0
2014-5-25T18:48:35.859 0 0 0 0 0 0 0 0 0 0 0 0 0
2014-5-25T18:48:35.962 0 0 0 0 0 0 0 0 0 0 0 0 0
2014-5-25T18:48:36.069 0 0 0 0 0 0 0 0 0 0 0 0 0
2014-5-25T18:48:36.173 0 0 0 0 0 0 0 0 0 0 0 0 0
2014-5-25T18:48:36.276 0 0 0 0 0 0 0 0 0 0 0 0 0
2014-5-25T18:48:36.379 0 0 0 0 0 0 0 0 0 0 0 0 0
2014-5-25T18:48:36.483 0 0 0 0 0 0 0 0 0 0 0 0 0
2014-5-25T18:48:36.586 0 0 0 0 0 0 0 0 0 0 0 0 0
2014-5-25T18:48:36.689 0 0 0 0 0 0 0 0 0 0 0 0 0
2014-5-25T18:48:36.792 0 0 0 0 0 0 0 0 0 0 0 0 0
2014-5-25T18:48:36.895 0 0 0 0 0 0 0 0 0 0 0 0 0
2014-5-25T18:48:36.997 0 0 0 0 0 0 0 0 0 0 0 0 0
2014-5-25T18:48:37.100 0 0 0 0 0 0 0 0 0 0 0 0 0
2014-5-25T18:48:37.203 0 0 0 0 0 0 0 0 0 0 0 0 0
2014-5-25T18:48:37.306 0 0 0 0 0 0 0 0 0 0 0 0 0
2014-5-25T18:48:37.410 0 0 0 0 0 0 0 0 0 0 0 0 0
2014-5-25T18:48:37.512 0 0 0 0 0 0 0 0 0 0 0 0 0
2014-5-25T18:48:37.614 0 0 0 0 0 0 0 0 0 0 0 0 0
2014-5-25T18:48:37.717 0 0 0 0 0 0 0 0 0 0 0 0 0
2014-5-25T18:48:37.821 0 0 0 0 0 0 0 0 0 0 0 0 0
2014-5-25T18:48:37.924 0 0 0 0 0 0 0 0 0 0 0 0 0
2014-5-25T18:48:38.028 0 0 0 0 0 0 0 0 0 0 0 0 0
2014-5-25T18:48:38.131 0 0 0 0 0 0 0 0 0 0 0 0 0
2014-5-25T18:48:38.233 0 0 0 0 0 0 0 0 0 0 0 0 0
2014-5-25T18:48:38.336 0 0 0 0 0 0 0 0 0 0 0 0 0
2014-5-25T18:48:38.438 0 0 0 0 0 0 0 0 0 0 0 0 0
2014-5-25T18:48:38.541 0 0 0 0 0 0 0 0 0 0 0 0 0
2014-5-25T18:48:38.643 0 0 0 0 0 0 0 0 0 0 0 0 0
2014-5-25T18:48:38.745 0 0 0 0 0 0 0 0 0 0 0 0 0
2014-5-25T18:48:38.848 0 0 0 0 0 0 0 0 0 0 0 0 0
2014-5-25T18:48:38.951 0 0 0 0 0 0 0 0 0 0 0 0 0
2014-5-25T18:48:39.054 0 0 0 0 0 0 0 0 0 0 0 0 0
2014-5-25T18:48:39.156 0 0 0 0 0 0 0 0 0 0 0 0 0
2014-5-25T18:48:39.259 0 0 0 0 0 0 0 0 0 0 0 0 0
2014-5-25T18:48:39.363 0 0 0 0 0 0 0 0 0 0 0 0 0
2014-5-25T18:48:39.466 0 0 0 0 0 0 0 0 0 0 0 0 0
2014-5-25T18:48:39.567 0 0 0 0 0 0 0 0 0 0 0 0 0
2014-5-25T18:48:39.668 0 0 0 0 0 0 0 0 0 0 0 0 0
2014-5-25T18:48:39.769 0 0 0 0 0 0 0 0 0 0 0 0 0
2014-5-25T18:48:39.871 0 0 0 0 0 0 0 0 0 0 0 0 0
2014-5-25T18:48:39.974 0 0 0 0 0 0 0 0 0 0 0 0 0
2014-5-25T18:48:40.077 0 0 0 0 0 0 0 0 0 0 0 0 0
2014-5-25T18:48:40.179 0 0 0 0 0 0 0 0 0 0 0 0 0
2014-5-25T18:48:40.282 0 0 0 0 0 0 0 0 0 0 0 0 0
2014-5-25T18:48:40.385 0 0 0 0 0 0 0 0 0 0 0 0 0
2014-5-25T18:48:40.487 0 0 0 0 0 0 0 0 0 0 0 0 0
2014-5-25T18:48:40.589 0 0 0 0 0 0 0 0 0 0 0 0 0
2014-5-25T18:48:40.690 0 0 0 0 0 0 0 0 0 0 0 0 0
2014-5-25T18:48:40.794 0 0 0 0 0 0 0 0 0 0 0 0 0
2014-5-25T18:48:40.896 0 0 0 0 0 0 0 0 0 0 0 0 0
2014-5-25T18:48:40.997 0 0 0 0 0 0 0 0 0 0 0 0 0
2014-5-25T18:48:41.098 0 0 0 0 0 0 0 0 0 0 0 0 0
2014-5-25T18:48:41.200 0 0 0 0 0 0 0 0 0 0 0 0 0
2014-5-25T18:48:41.302 0 0 0 0 0 0 0 0 0 0 0 0 0
2014-5-25T18:48:41.406 0 0 0 0 0 0 0 0 0 0 0 0 0
2014-5-25T18:48:41.508 0 0 0 0 0 0 0 0 0 0 0 0 0
2014-5-25T18:48:41.610 0 0 0 0 0 0 0 0 0 0 0 0 0
2014-5-25T18:48:41.712 0 0 0 0 0 0 0 0 0 0 0 0 0
2014-5-25T18:48:41.815 0 0 0 0 0 0 0 0 0 0 0 0 0
2014-5-25T18:48:41.917 0 0 0 0 0 0 0 0 0 0 0 0 0
2014-5-25T18:48:42.020 0 0 0 0 0 0 0 0 0 0 0 0 0
2014-5-25T18:48:42.123 0 0 0 0 0 0 0 0 0 0 0 0 0
2014-5-25T18:48:42.226 0 0 0 0 0 0 0 0 0 0 0 0 0
2014-5-25T18:48:42.329 0 0 0 0 0 0 0 0 0 0 0 0 0
2014-5-25T18:48:42.431 0 0 0 0 0 0 0 0 0 0 0 0 0
2014-5-25T18:48:42.534 0 0 0 0 0 0 0 0 0 0 0 0 0
2014-5-25T18:48:42.636 0 0 0 0 0 0 0 0 0 0 0 0 0
2014-5-25T18:48:42.737 0 0 0 0 0 0 0 0 0 0 0 0 0
2014-5-25T18:48:42.842 0 0 0 0 0 0 0 0 0 0 0 0 0
2014-5-25T18:48:42.944 0 0 0 0 0 0 0 0 0 0 0 0 0
2014-5-25T18:48:43.047 0 0 0 0 0 0 0 0 0 0 0 0 0
2014-5-25T18:48:43.151 0 0 0 0 0 0 0 0 0 0 0 0 0
2014-5-25T18:48:43.253 0 0 0 0 0 0 0 0 0 0 0 0 0
2014-5-25T18:48:43.358 0 0 0 0 0 0 0 0 0 0 0 0 0
2014-5-25T18:48:43.462 0 0 0 0 0 0 0 0 0 0 0 0 0
2014-5-25T18:48:43.566 0 0 0 0 0 0 0 0 0 0 0 0 0
2014-5-25T18:48:43.668 0 0 0 0 0 0 0 0 0 0 0 0 0
2014-5-25T18:48:43.771 0 0 0 0 0 0 0 0 0 0 0 0 0
2014-5-25T18:48:43.873 0 0 0 0 0 0 0 0 0 0 0 0 0
2014-5-25T18:48:43.975 0 0 0 0 0 0 0 0 0 0 0 0 0
2014-5-25T18:48:44.078 0 0 0 0 0 0 0 0 0 0 0 0 0
2014-5-25T18:48:44.180 0 0 0 0 0 0 0 0 0 0 0 0 0
2014-5-25T18:48:44.284 0 0 0 0 0 0 0 0 0 0 0 0 0
2014-5-25T18:48:44.386 0 0 0 0 0 0 0 0 0 0 0 0 0
2014-5-25T18:48:44.489 0 0 0 0 0 0 0 0 0 0 0 0 0
2014-5-25T18:48:44.593 0 0 0 0 0 0 0 0 0 0 0 0 0
2014-5-25T18:48:44.697 0 0 0 0 0 0 0 0 0 0 0 0 0
2014-5-25T18:48:44.799 0 0 0 0 0 0 0 0 0 0 0 0 0
2014-5-25T18:48:44.902 0 0 0 0 0 0 0 0 0 0 0 0 0
2014-5-25T18:48:45.004 0 0 0 0 0 0 0 0 0 0 0 0 0
2014-5-25T18:48:45.107 0 0 0 0 0 0 0 0 0 0 0 0 0
2014-5-25T18:48:45.209 0 0 0 0 0 0 0 0 0 0 0 0 0
2014-5-25T18:48:45.313 0 0 0 0 0 0 0 0 0 0 0 0 0
2014-5-25T18:48:45.416 0 0 0 0 0 0 0 0 0 0 0 0 0
2014-5-25T18:48:45.521 0 0 0 0 0 0 0 0 0 0 0 0 0
2014-5-25T18:48:45.624 0 0 0 0 0 0 0 0 0 0 0 0 0
2014-5-25T18:48:45.727 0 0 0 0 0 0 0 0 0 0 0 0 0
2014-5-25T18:48:45.831 0 0 0 0 0 0 0 0 0 0 0 0 0
2014-5-25T18:48:45.934 0 0 0 0 0 0 0 0 0 0 0 0 0
2014-5-25T18:48:46.038 0 0 0 0 0 0 0 0 0 0 0 0 0
2014-5-25T18:48:46.141 0 0 0 0 0 0 0 0 0 0 0 0 0
2014-5-25T18:48:46.244 0 0 0 0 0 0 0 0 0 0 0 0 0
2014-5-25T18:48:46.348 0 0 0 0 0 0 0 0 0 0 0 0 0
2014-5-25T18:48:46.457 0 0 0 0 0 0 0 0 0 0 0 0 0
2014-5-25T18:48:46.559 0 0 0 0 0 0 0 0 0 0 0 0 0
2014-5-25T18:48:46.665 0 0 0 0 0 0 0 0 0 0 0 0 0
2014-5-25T18:48:46.768 0 0 0 0 0 0 0 0 0 0 0 0 0
2014-5-25T18:48:46.871 0 0 0 0 0 0 0 0 0 0 0 0 0
2014-5-25T18:48:46.973 0 0 0 0 0 0 0 0 0 0 0 0 0
2014-5-25T18:48:47.076 0 0 0 0 0 0 0 0 0 0 0 0 0
2014-5-25T18:48:47.178 0 0 0 0 0 0 0 0 0 0 0 0 0
2014-5-25T18:48:47.281 0 0 0 0 0 0 0 0 0 0 0 0 0
2014-5-25T18:48:47.383 0 0 0 0 0 0 0 0 0 0 0 0 0
2014-5-25T18:48:47.486 0 0 0 0 0 0 0 0 0 0 0 0 0
2014-5-25T18:48:47.587 0 0 0 0 0 0 0 0 0 0 0 0 0
2014-5-25T18:48:47.690 0 0 0 0 0 0 0 0 0 0 0 0 0
2014-5-25T18:48:47.793 0 0 0 0 0 0 0 0 0 0 0 0 0
2014-5-25T18:48:47.899 0 0 0 0 0 0 0 0 0 0 0 0 0
2014-5-25T18:48:48.000 0 0 0 0 0 0 0 0 0 0 0 0 0
2014-5-25T18:48:48.102 0 0 0 0 0 0 0 0 0 0 0 0 0
2014-5-25T18:48:48.204 0 0 0 0 0 0 0 0 0 0 0 0 0
2014-5-25T18:48:48.307 0 0 0 0 0 0 0 0 0 0 0 0 0
2014-5-25T18:48:48.409 0 0 0 0 0 0 0 0 0 0 0 0 0
2014-5-25T18:48:48.511 0 0 0 0 0 0 0 0 0 0 0 0 0
2014-5-25T18:48:48.613 0 0 0 0 0 0 0 0 0 0 0 0 0
2014-5-25T18:48:48.716 0 0 0 0 0 0 0 0 0 0 0 0 0
2014-5-25T18:48:48.820 0 0 0 0 0 0 0 0 0 0 0 0 0
2014-5-25T18:48:48.923 0 0 0 0 0 0 0 0 0 0 0 0 0
2014-5-25T18:48:49.025 0 0 0 0 0 0 0 0 0 0 0 0 0
2014-5-25T18:48:49.126 0 0 0 0 0 0 0 0 0 0 0 0 0
2014-5-25T18:48:49.229 0 0 0 0 0 0 0 0 0 0 0 0 0
2014-5-25T18:48:49.332 0 0 0 0 0 0 0 0 0 0 0 0 0
2014-5-25T18:48:49.434 0 0 0 0 0 0 0 0 0 0 0 0 0
2014-5-25T18:48:49.536 0 0 0 0 0 0 0 0 0 0 0 0 0
2014-5-25T18:48:49.640 0 0 0 0 0 0 0 0 0 0 0 0 0
2014-5-25T18:48:49.743 0 0 0 0 0 0 0 0 0 0 0 0 0
2014-5-25T18:48:49.845 0 0 0 0 0 0 0 0 0 0 0 0 0
2014-5-25T18:48:49.947 0 0 0 0 0 0 0 0 0 0 0 0 0
2014-5-25T18:48:50.049 0 0 0 0 0 0 0 0 0 0 0 0 0
2014-5-25T18:48:50.151 0 0 0 0 0 0 0 0 0 0 0 0 0
2014-5-25T18:48:50.254 0 0 0 0 0 0 0 0 0 0 0 0 0
2014-5-25T18:48:50.356 0 0 0 0 0 0 0 0 0 0 0 0 0
2014-5-25T18:48:50.458 0 0 0 0 0 0 0 0 0 0 0 0 0
2014-5-25T18:48:50.560 0 0 0 0 0 0 0 0 0 0 0 0 0
2014-5-25T18:48:50.663 0 0 0 0 0 0 0 0 0 0 0 0 0
2014-5-25T18:48:50.765 0 0 0 0 0 0 0 0 0 0 0 0 0
2014-5-25T18:48:50.868 0 0 0 0 0 0 0 0 0 0 0 0 0
2014-5-25T18:48:50.971 0 0 0 0 0 0 0 0 0 0 0 0 0
2014-5-25T18:48:51.075 0 0 0 0 0 0 0 0 0 0 0 0 0
2014-5-25T18:48:51.178 0 0 0 0 0 0 0 0 0 0 0 0 0
2014-5-25T18:48:51.281 0 0 0 0 0 0 0 0 0 0 0 0 0
2014-5-25T18:48:51.384 0 0 0 0 0 0 0 0 0 0 0 0 0
2014-5-25T18:48:51.487 0 0 0 0 0 0 0 0 0 0 0 0 0
2014-5-25T18:48:51.590 0 0 0 0 0 0 0 0 0 0 0 0 0
2014-5-25T18:48:51.693 0 0 0 0 0 0 0 0 0 0 0 0 0
2014-5-25T18:48:51.797 0 0 0 0 0 0 0 0 0 0 0 0 0
2014-5-25T18:48:51.900 0 0 0 0 0 0 0 0 0 0 0 0 0
2014-5-25T18:48:52.003 0 0 0 0 0 0 0 0 0 0 0 0 0
2014-5-25T18:48:52.107 0 0 0 0 0 0 0 0 0 0 0 0 0
2014-5-25T18:48:52.211 0 0 0 0 0 0 0 0 0 0 0 0 0
2014-5-25T18:48:52.314 0 0 0 0 0 0 0 0 0 0 0 0 0
2014-5-25T18:48:52.417 0 0 0 0 0 0 0 0 0 0 0 0 0
2014-5-25T18:48:52.521 0 0 0 0 0 0 0 0 0 0 0 0 0
2014-5-25T18:48:52.623 0 0 0 0 0 0 0 0 0 0 0 0 0
2014-5-25T18:48:52.727 0 0 0 0 0 0 0 0 0 0 0 0 0
2014-5-25T18:48:52.830 0 0 0 0 0 0 0 0 0 0 0 0 0
2014-5-25T18:48:52.934 0 0 0 0 0 0 0 0 0 0 0 0 0
2014-5-25T18:48:53.035 0 0 0 0 0 0 0 0 0 0 0 0 0
2014-5-25T18:48:53.141 0 0 0 0 0 0 0 0 0 0 0 0 0
2014-5-25T18:48:53.243 0 0 0 0 0 0 0 0 0 0 0 0 0
2014-5-25T18:48:53.346 0 0 0 0 0 0 0 0 0 0 0 0 0
2014-5-25T18:48:53.450 0 0 0 0 0 0 0 0 0 0 0 0 0
2014-5-25T18:48:53.554 0 0 0 0 0 0 0 0 0 0 0 0 0
2014-5-25T18:48:53.656 0 0 0 0 0 0 0 0 0 0 0 0 0
2014-5-25T18:48:53.758 0 0 0 0 0 0 0 0 0 0 0 0 0
2014-5-25T18:48:53.863 0 0 0 0 0 0 0 0 0 0 0 0 0
2014-5-25T18:48:53.965 0 0 0 0 0 0 0 0 0 0 0 0 0
2014-5-25T18:48:54.068 0 0 0 0 0 0 0 0 0 0 0 0 0
2014-5-25T18:48:54.170 0 0 0 0 0 0 0 0 0 0 0 0 0
2014-5-25T18:48:54.272 0 0 0 0 0 0 0 0 0 0 0 0 0
2014-5-25T18:48:54.374 0 0 0 0 0 0 0 0 0 0 0 0 0
2014-5-25T18:48:54.477 0 0 0 0 0 0 0 0 0 0 0 0 0
2014-5-25T18:48:54.579 0 0 0 0 0 0 0 0 0 0 0 0 0
2014-5-25T18:48:54.682 0 0 0 0 0 0 0 0 0 0 0 0 0
2014-5-25T18:48:54.784 0 0 0 0 0 0 0 0 0 0 0 0 0
2014-5-25T18:48:54.885 0 0 0 0 0 0 0 0 0 0 0 0 0
2014-5-25T18:48:54.989 0 0 0 0 0 0 0 0 0 0 0 0 0
2014-5-25T18:48:55.092 0 0 0 0 0 0 0 0 0 0 0 0 0
2014-5-25T18:48:55.193 0 0 0 0 0 0 0 0 0 0 0 0 0
2014-5-25T18:48:55.296 0 0 0 0 0 0 0 0 0 0 0 0 0
2014-5-25T18:48:55.400 0 0 0 0 0 0 0 0 0 0 0 0 0
2014-5-25T18:48:55.501 0 0 0 0 0 0 0 0 0 0 0 0 0
2014-5-25T18:48:55.604 0 0 0 0 0 0 0 0 0 0 0 0 0
2014-5-25T18:48:55.707 0 0 0 0 0 0 0 0 0 0 0 0 0
2014-5-25T18:48:55.808 0 0 0 0 0 0 0 0 0 0 0 0 0
2014-5-25T18:48:55.913 0 0 0 0 0 0 0 0 0 0 0 0 0
2014-5-25T18:48:56.014 0 0 0 0 0 0 0 0 0 0 0 0 0
2014-5-25T18:48:56.118 0 0 0 0 0 0 0 0 0 0 0 0 0
2014-5-25T18:48:56.220 0 0 0 0 0 0 0 0 0 0 0 0 0
2014-5-25T18:48:56.323 0 0 0 0 0 0 0 0 0 0 0 0 0
2014-5-25T18:48:56.426 0 0 0 0 0 0 0 0 0 0 0 0 0
2014-5-25T18:48:56.528 0 0 0 0 0 0 0 0 0 0 0 0 0
2014-5-25T18:48:56.630 0 0 0 0 0 0 0 0 0 0 0 0 0
2014-5-25T18:48:56.732 0 0 0 0 0 0 0 0 0 0 0 0 0
2014-5-25T18:48:56.835 0 0 0 0 0 0 0 0 0 0 0 0 0
2014-5-25T18:48:56.958 0 0 0 0 0 0 0 0 0 0 0 0 0
2014-5-25T18:48:57.061 0 0 0 0 0 0 0 0 0 0 0 0 0
2014-5-25T18:48:57.163 0 0 0 0 0 0 0 0 0 0 0 0 0
2014-5-25T18:48:57.267 0 0 0 0 0 0 0 0 0 0 0 0 0
2014-5-25T18:48:57.369 0 0 0 0 0 0 0 0 0 0 0 0 0
2014-5-25T18:48:57.474 0 0 0 0 0 0 0 0 0 0 0 0 0
2014-5-25T18:48:57.577 0 0 0 0 0 0 0 0 0 0 0 0 0
2014-5-25T18:48:57.680 0 0 0 0 0 0 0 0 0 0 0 0 0
2014-5-25T18:48:57.783 0 0 0 0 0 0 0 0 0 0 0 0 0
2014-5-25T18:48:57.885 0 0 0 0 0 0 0 0 0 0 0 0 0
2014-5-25T18:48:57.989 0 0 0 0 0 0 0 0 0 0 0 0 0
2014-5-25T18:48:58.092 0 0 0 0 0 0 0 0 0 0 0 0 0
2014-5-25T18:48:58.193 0 0 0 0 0 0 0 0 0 0 0 0 0
2014-5-25T18:48:58.296 0 0 0 0 0 0 0 0 0 0 0 0 0
2014-5-25T18:48:58.399 0 0 0 0 0 0 0 0 0 0 0 0 0
2014-5-25T18:48:58.502 0 0 0 0 0 0 0 0 0 0 0 0 0
2014-5-25T18:48:58.603 0 0 0 0 0 0 0 0 0 0 0 0 0
2014-5-25T18:48:58.708 0 0 0 0 0 0 0 0 0 0 0 0 0
2014-5-25T18:48:58.811 0 0 0 0 0 0 0 0 0 0 0 0 0
2014-5-25T18:48:58.914 0 0 0 0 0 0 0 0 0 0 0 0 0
2014-5-25T18:48:59.016 0 0 0 0 0 0 0 0 0 0 0 0 0
2014-5-25T18:48:59.118 0 0 0 0 0 0 0 0 0 0 0 0 0
2014-5-25T18:48:59.221 0 0 0 0 0 0 0 0 0 0 0 0 0
2014-5-25T18:48:59.324 0 0 0 0 0 0 0 0 0 0 0 0 0
2014-5-25T18:48:59.427 0 0 0 0 0 0 0 0 0 0 0 0 0
2014-5-25T18:48:59.529 0 0 0 0 0 0 0 0 0 0 0 0 0
2014-5-25T18:48:59.631 0 0 0 0 0 0 0 0 0 0 0 0 0
2014-5-25T18:48:59.735 0 0 0 0 0 0 0 0 0 0 0 0 0
2014-5-25T18:48:59.838 0 0 0 0 0 0 0 0 0 0 0 0 0
2014-5-25T18:48:59.941 0 0 0 0 0 0 0 0 0 0 0 0 0
2014-5-25T18:49:0.043 0 0 0 0 0 0 0 0 0 0 0 0 0
2014-5-25T18:49:0.145 0 0 0 0 0 0 0 0 0 0 0 0 0
2014-5-25T18:49:0.248 0 0 0 0 0 0 0 0 0 0 0 0 0
2014-5-25T18:49:0.351 0 0 0 0 0 0 0 0 0 0 0 0 0
2014-5-25T18:49:0.454 0 0 0 0 0 0 0 0 0 0 0 0 0
2014-5-25T18:49:0.558 0 0 0 0 0 0 0 0 0 0 0 0 0
2014-5-25T18:49:0.660 0 0 0 0 0 0 0 0 0 0 0 0 0
2014-5-25T18:49:0.763 0 0 0 0 0 0 0 0 0 0 0 0 0
2014-5-25T18:49:0.864 0 0 0 0 0 0 0 0 0 0 0 0 0
2014-5-25T18:49:0.967 0 0 0 0 0 0 0 0 0 0 0 0 0
2014-5-25T18:49:1.069 0 0 0 0 0 0 0 0 0 0 0 0 0
2014-5-25T18:49:1.170 0 0 0 0 0 0 0 0 0 0 0 0 0
2014-5-25T18:49:1.272 0 0 0 0 0 0 0 0 0 0 0 0 0
2014-5-25T18:49:1.375 0 0 0 0 0 0 0 0 0 0 0 0 0
2014-5-25T18:49:1.477 0 0 0 0 0 0 0 0 0 0 0 0 0
2014-5-25T18:49:1.580 0 0 0 0 0 0 0 0 0 0 0 0 0
2014-5-25T18:49:1.683 0 0 0 0 0 0 0 0 0 0 0 0 0
2014-5-25T18:49:1.786 0 0 0 0 0 0 0 0 0 0 0 0 0
2014-5-25T18:49:1.889 0 0 0 0 0 0 0 0 0 0 0 0 0
2014-5-25T18:49:1.992 0 0 0 0 0 0 0 0 0 0 0 0 0
2014-5-25T18:49:2.095 0 0 0 0 0 0 0 0 0 0 0 0 0
2014-5-25T18:49:2.197 0 0 0 0 0 0 0 0 0 0 0 0 0
2014-5-25T18:49:2.301 0 0 0 0 0 0 0 0 0 0 0 0 0
2014-5-25T18:49:2.402 0 0 0 0 0 0 0 0 0 0 0 0 0
2014-5-25T18:49:2.506 0 0 0 0 0 0 0 0 0 0 0 0 0
2014-5-25T18:49:2.609 0 0 0 0 0 0 0 0 0 0 0 0 0
2014-5-25T18:49:2.711 0 0 0 0 0 0 0 0 0 0 0 0 0
2014-5-25T18:49:2.813 0 0 0 0 0 0 0 0 0 0 0 0 0
2014-5-25T18:49:2.916 0 0 0 0 0 0 0 0 0 0 0 0 0
2014-5-25T18:49:3.020 0 0 0 0 0 0 0 0 0 0 0 0 0
2014-5-25T18:49:3.121 0 0 0 0 0 0 0 0 0 0 0 0 0
2014-5-25T18:49:3.226 0 0 0 0 0 0 0 0 0 0 0 0 0
2014-5-25T18:49:3.328 0 0 0 0 0 0 0 0 0 0 0 0 0
2014-5-25T18:49:3.430 0 0 0 0 0 0 0 0 0 0 0 0 0
2014-5-25T18:49:3.533 0 0 0 0 0 0 0 0 0 0 0 0 0
2014-5-25T18:49:3.637 0 0 0 0 0 0 0 0 0 0 0 0 0
2014-5-25T18:49:3.741 0 0 0 0 0 0 0 0 0 0 0 0 0
2014-5-25T18:49:3.843 0 0 0 0 0 0 0 0 0 0 0 0 0
2014-5-25T18:49:3.945 0 0 0 0 0 0 0 0 0 0 0 0 0
2014-5-25T18:49:4.047 0 0 0 0 0 0 0 0 0 0 0 0 0
2014-5-25T18:49:4.150 0 0 0 0 0 0 0 0 0 0 0 0 0
2014-5-25T18:49:4.253 0 0 0 0 0 0 0 0 0 0 0 0 0
2014-5-25T18:49:4.355 0 0 0 0 0 0 0 0 0 0 0 0 0
2014-5-25T18:49:4.458 0 0 0 0 0 0 0 0 0 0 0 0 0
2014-5-25T18:49:4.562 0 0 0 0 0 0 0 0 0 0 0 0 0
2014-5-25T18:49:4.664 0 0 0 0 0 0 0 0 0 0 0 0 0
2014-5-25T18:49:4.767 0 0 0 0 0 0 0 0 0 0 0 0 0
2014-5-25T18:49:4.869 0 0 0 0 0 0 0 0 0 0 0 0 0
2014-5-25T18:49:4.972 0 0 0 0 0 0 0 0 0 0 0 0 0
2014-5-25T18:49:5.075 0 0 0 0 0 0 0 0 0 0 0 0 0
2014-5-25T18:49:5.177 0 0 0 0 0 0 0 0 0 0 0 0 0
2014-5-25T18:49:5.280 0 0 0 0 0 0 0 0 0 0 0 0 0
2014-5-25T18:49:5.383 0 0 0 0 0 0 0 0 0 0 0 0 0
2014-5-25T18:49:5.487 0 0 0 0 0 0 0 0 0 0 0 0 0
2014-5-25T18:49:5.590 0 0 0 0 0 0 0 0 0 0 0 0 0
2014-5-25T18:49:5.694 0 0 0 0 0 0 0 0 0 0 0 0 0
2014-5-25T18:49:5.797 0 0 0 0 0 0 0 0 0 0 0 0 0
2014-5-25T18:49:5.900 0 0 0 0 0 0 0 0 0 0 0 0 0
2014-5-25T18:49:6.004 0 0 0 0 0 0 0 0 0 0 0 0 0
2014-5-25T18:49:6.107 0 0 0 0 0 0 0 0 0 0 0 0 0
2014-5-25T18:49:6.210 0 0 0 0 0 0 0 0 0 0 0 0 0
2014-5-25T18:49:6.312 0 0 0 0 0 0 0 0 0 0 0 0 0
2014-5-25T18:49:6.415 0 0 0 0 0 0 0 0 0 0 0 0 0
2014-5-25T18:49:6.518 0 0 0 0 0 0 0 0 0 0 0 0 0
2014-5-25T18:49:6.620 0 0 0 0 0 0 0 0 0 0 0 0 0
2014-5-25T18:49:6.723 0 0 0 0 0 0 0 0 0 0 0 0 0
2014-5-25T18:49:6.825 0 0 0 0 0 0 0 0 0 0 0 0 0
2014-5-25T18:49:6.926 0 0 0 0 0 0 0 0 0 0 0 0 0
2014-5-25T18:49:7.029 0 0 0 0 0 0 0 0 0 0 0 0 0
2014-5-25T18:49:7.133 0 0 0 0 0 0 0 0 0 0 0 0 0
2014-5-25T18:49:7.235 0 0 0 0 0 0 0 0 0 0 0 0 0
2014-5-25T18:49:7.338 0 0 0 0 0 0 0 0 0 0 0 0 0
2014-5-25T18:49:7.440 0 0 0 0 0 0 0 0 0 0 0 0 0
2014-5-25T18:49:7.543 0 0 0 0 0 0 0 0 0 0 0 0 0
2014-5-25T18:49:7.647 0 0 0 0 0 0 0 0 0 0 0 0 0
2014-5-25T18:49:7.748 0 0 0 0 0 0 0 0 0 0 0 0 0
2014-5-25T18:49:7.851 0 0 0 0 0 0 0 0 0 0 0 0 0
2014-5-25T18:49:7.954 0 0 0 0 0 0 0 0 0 0 0 0 0
2014-5-25T18:49:8.057 0 0 0 0 0 0 0 0 0 0 0 0 0
2014-5-25T18:49:8.161 0 0 0 0 0 0 0 0 0 0 0 0 0
2014-5-25T18:49:8.263 0 0 0 0 0 0 0 0 0 0 0 0 0
2014-5-25T18:49:8.366 0 0 0 0 0 0 0 0 0 0 0 0 0
2014-5-25T18:49:8.467 0 0 0 0 0 0 0 0 0 0 0 0 0
2014-5-25T18:49:8.570 0 0 0 0 0 0 0 0 0 0 0 0 0
2014-5-25T18:49:8.672 0 0 0 0 0 0 0 0 0 0 0 0 0
2014-5-25T18:49:8.775 0 0 0 0 0 0 0 0 0 0 0 0 0
2014-5-25T18:49:8.878 0 0 0 0 0 0 0 0 0 0 0 0 0
2014-5-25T18:49:8.979 0 0 0 0 0 0 0 0 0 0 0 0 0
2014-5-25T18:49:9.085 0 0 0 0 0 0 0 0 0 0 0 0 0
2014-5-25T18:49:9.187 0 0 0 0 0 0 0 0 0 0 0 0 0
2014-5-25T18:49:9.290 0 0 0 0 0 0 0 0 0 0 0 0 0
2014-5-25T18:49:9.392 0 0 0 0 0 0 0 0 0 0 0 0 0
2014-5-25T18:49:9.494 0 0 0 0 0 0 0 0 0 0 0 0 0
2014-5-25T18:49:9.599 0 0 0 0 0 0 0 0 0 0 0 0 0
2014-5-25T18:49:9.700 0 0 0 0 0 0 0 0 0 0 0 0 0
2014-5-25T18:49:9.802 0 0 0 0 0 0 0 0 0 0 0 0 0
2014-5-25T18:49:9.904 0 0 0 0 0 0 0 0 0 0 0 0 0
2014-5-25T18:49:10.007 0 0 0 0 0 0 0 0 0 0 0 0 0
2014-5-25T18:49:10.110 0 0 0 0 0 0 0 0 0 0 0 0 0
2014-5-25T18:49:10.212 0 0 0 0 0 0 0 0 0 0 0 0 0
2014-5-25T18:49:10.314 0 0 0 0 0 0 0 0 0 0 0 0 0
2014-5-25T18:49:10.416 0 0 0 0 0 0 0 0 0 0 0 0 0
2014-5-25T18:49:10.518 0 0 0 0 0 0 0 0 0 0 0 0 0
2014-5-25T18:49:10.620 0 0 0 0 0 0 0 0 0 0 0 0 0
2014-5-25T18:49:10.723 0 0 0 0 0 0 0 0 0 0 0 0 0
2014-5-25T18:49:10.826 0 0 0 0 0 0 0 0 0 0 0 0 0
2014-5-25T18:49:10.929 0 0 0 0 0 0 0 0 0 0 0 0 0
2014-5-25T18:49:11.032 0 0 0 0 0 0 0 0 0 0 0 0 0
2014-5-25T18:49:11.135 0 0 0 0 0 0 0 0 0 0 0 0 0
2014-5-25T18:49:11.238 0 0 0 0 0 0 0 0 0 0 0 0 0
2014-5-25T18:49:11.342 0 0 0 0 0 0 0 0 0 0 0 0 0
2014-5-25T18:49:11.444 0 0 0 0 0 0 0 0 0 0 0 0 0
2014-5-25T18:49:11.547 0 0 0 0 0 0 0 0 0 0 0 0 0
2014-5-25T18:49:11.649 0 0 0 0 0 0 0 0 0 0 0 0 0
2014-5-25T18:49:11.753 0 0 0 0 0 0 0 0 0 0 0 0 0
2014-5-25T18:49:11.855 0 0 0 0 0 0 0 0 0 0 0 0 0
2014-5-25T18:49:11.957 0 0 0 0 0 0 0 0 0 0 0 0 0
2014-5-25T18:49:12.058 0 0 0 0 0 0 0 0 0 0 0 0 0
2014-5-25T18:49:12.160 0 0 0 0 0 0 0 0 0 0 0 0 0
2014-5-25T18:49:12.261 0 0 0 0 0 0 0 0 0 0 0 0 0
2014-5-25T18:49:12.363 0 0 0 0 0 0 0 0 0 0 0 0 0
2014-5-25T18:49:12.464 0 0 0 0 0 0 0 0 0 0 0 0 0
2014-5-25T18:49:12.566 0 0 0 0 0 0 0 0 0 0 0 0 0
2014-5-25T18:49:12.668 0 0 0 0 0 0 0 0 0 0 0 0 0
2014-5-25T18:49:12.771 0 0 0 0 0 0 0 0 0 0 0 0 0
2014-5-25T18:49:12.872 0 0 0 0 0 0 0 0 0 0 0 0 0
2014-5-25T18:49:12.975 0 0 0 0 0 0 0 0 0 0 0 0 0
2014-5-25T18:49:13.078 0 0 0 0 0 0 0 0 0 0 0 0 0
2014-5-25T18:49:13.179 0 0 0 0 0 0 0 0 0 0 0 0 0
2014-5-25T18:49:13.281 0 0 0 0 0 0 0 0 0 0 0 0 0
2014-5-25T18:49:13.384 0 0 0 0 0 0 0 0 0 0 0 0 0
2014-5-25T18:49:13.487 0 0 0 0 0 0 0 0 0 0 0 0 0
2014-5-25T18:49:13.590 0 0 0 0 0 0 0 0 0 0 0 0 0
2014-5-25T18:49:13.692 0 0 0 0 0 0 0 0 0 0 0 0 0
2014-5-25T18:49:13.796 0 0 0 0 0 0 0 0 0 0 0 0 0
2014-5-25T18:49:13.898 0 0 0 0 0 0 0 0 0 0 0 0 0
2014-5-25T18:49:14.000 0 0 0 0 0 0 0 0 0 0 0 0 0
2014-5-25T18:49:14.103 0 0 0 0 0 0 0 0 0 0 0 0 0
2014-5-25T18:49:14.205 0 0 0 0 0 0 0 0 0 0 0 0 0
2014-5-25T18:49:14.309 0 0 0 0 0 0 0 0 0 0 0 0 0
2014-5-25T18:49:14.412 0 0 0 0 0 0 0 0 0 0 0 0 0
2014-5-25T18:49:14.516 0 0 0 0 0 0 0 0 0 0 0 0 0
2014-5-25T18:49:14.619 0 0 0 0 0 0 0 0 0 0 0 0 0
2014-5-25T18:49:14.722 0 0 0 0 0 0 0 0 0 0 0 0 0
2014-5-25T18:49:14.825 0 0 0 0 0 0 0 0 0 0 0 0 0
2014-5-25T18:49:14.928 0 0 0 0 0 0 0 0 0 0 0 0 0
2014-5-25T18:49:15.031 0 0 0 0 0 0 0 0 0 0 0 0 0
2014-5-25T18:49:15.134 0 0 0 0 0 0 0 0 0 0 0 0 0
2014-5-25T18:49:15.236 0 0 0 0 0 0 0 0 0 0 0 0 0
2014-5-25T18:49:15.337 0 0 0 0 0 0 0 0 0 0 0 0 0
2014-5-25T18:49:15.441 0 0 0 0 0 0 0 0 0 0 0 0 0
2014-5-25T18:49:15.543 0 0 0 0 0 0 0 0 0 0 0 0 0
2014-5-25T18:49:15.646 0 0 0 0 0 0 0 0 0 0 0 0 0
2014-5-25T18:49:15.747 0 0 0 0 0 0 0 0 0 0 0 0 0
2014-5-25T18:49:15.849 0 0 0 0 0 0 0 0 0 0 0 0 0
2014-5-25T18:49:15.952 0 0 0 0 0 0 0 0 0 0 0 0 0
2014-5-25T18:49:16.054 0 0 0 0 0 0 0 0 0 0 0 0 0
2014-5-25T18:49:16.156 0 0 0 0 0 0 0 0 0 0 0 0 0
2014-5-25T18:49:16.259 0 0 0 0 0 0 0 0 0 0 0 0 0
2014-5-25T18:49:16.364 0 0 0 0 0 0 0 0 0 0 0 0 0
2014-5-25T18:49:16.467 0 0 0 0 0 0 0 0 0 0 0 0 0
2014-5-25T18:49:16.569 0 0 0 0 0 0 0 0 0 0 0 0 0
2014-5-25T18:49:16.670 0 0 0 0 0 0 0 0 0 0 0 0 0
2014-5-25T18:49:16.772 0 0 0 0 0 0 0 0 0 0 0 0 0
2014-5-25T18:49:16.874 0 0 0 0 0 0 0 0 0 0 0 0 0
2014-5-25T18:49:16.975 0 0 0 0 0 0 0 0 0 0 0 0 0
2014-5-25T18:49:17.078 0 0 0 0 0 0 0 0 0 0 0 0 0
2014-5-25T18:49:17.182 0 0 0 0 0 0 0 0 0 0 0 0 0
2014-5-25T18:49:17.285 0 0 0 0 0 0 0 0 0 0 0 0 0
2014-5-25T18:49:17.387 0 0 0 0 0 0 0 0 0 0 0 0 0
2014-5-25T18:49:17.489 0 0 0 0 0 0 0 0 0 0 0 0 0
2014-5-25T18:49:17.592 0 0 0 0 0 0 0 0 0 0 0 0 0
2014-5-25T18:49:17.693 0 0 0 0 0 0 0 0 0 0 0 0 0
2014-5-25T18:49:17.797 0 0 0 0 0 0 0 0 0 0 0 0 0
2014-5-25T18:49:17.901 0 0 0 0 0 0 0 0 0 0 0 0 0
2014-5-25T18:49:18.004 0 0 0 0 0 0 0 0 0 0 0 0 0
2014-5-25T18:49:18.107 0 0 0 0 0 0 0 0 0 0 0 0 0
2014-5-25T18:49:18.209 0 0 0 0 0 0 0 0 0 0 0 0 0
2014-5-25T18:49:18.312 0 0 0 0 0 0 0 0 0 0 0 0 0
2014-5-25T18:49:18.414 0 0 0 0 0 0 0 0 0 0 0 0 0
2014-5-25T18:49:18.516 0 0 0 0 0 0 0 0 0 0 0 0 0
2014-5-25T18:49:18.619 0 0 0 0 0 0 0 0 0 0 0 0 0
2014-5-25T18:49:18.723 0 0 0 0 0 0 0 0 0 0 0 0 0
2014-5-25T18:49:18.826 0 0 0 0 0 0 0 0 0 0 0 0 0
2014-5-25T18:49:18.928 0 0 0 0 0 0 0 0 0 0 0 0 0
2014-5-25T18:49:19.031 0 0 0 0 0 0 0 0 0 0 0 0 0
2014-5-25T18:49:19.134 0 0 0 0 0 0 0 0 0 0 0 0 0
2014-5-25T18:49:19.238 0 0 0 0 0 0 0 0 0 0 0 0 0
2014-5-25T18:49:19.348 0 0 0 0 0 0 0 0 0 0 0 0 0
2014-5-25T18:49:19.452 0 0 0 0 0 0 0 0 0 0 0 0 0
2014-5-25T18:49:19.556 0 0 0 0 0 0 0 0 0 0 0 0 0
2014-5-25T18:49:19.659 0 0 0 0 0 0 0 0 0 0 0 0 0
2014-5-25T18:49:19.762 0 0 0 0 0 0 0 0 0 0 0 0 0
2014-5-25T18:49:19.866 0 0 0 0 0 0 0 0 0 0 0 0 0
2014-5-25T18:49:19.968 0 0 0 0 0 0 0 0 0 0 0 0 0
2014-5-25T18:49:20.071 0 0 0 0 0 0 0 0 0 0 0 0 0
2014-5-25T18:49:20.173 0 0 0 0 0 0 0 0 0 0 0 0 0
2014-5-25T18:49:20.277 0 0 0 0 0 0 0 0 0 0 0 0 0
2014-5-25T18:49:20.379 0 0 0 0 0 0 0 0 0 0 0 0 0
2014-5-25T18:49:20.482 0 0 0 0 0 0 0 0 0 0 0 0 0
2014-5-25T18:49:20.585 0 0 0 0 0 0 0 0 0 0 0 0 0
2014-5-25T18:49:20.689 0 0 0 0 0 0 0 0 0 0 0 0 0
2014-5-25T18:49:20.791 0 0 0 0 0 0 0 0 0 0 0 0 0
2014-5-25T18:49:20.892 0 0 0 0 0 0 0 0 0 0 0 0 0
2014-5-25T18:49:20.994 0 0 0 0 0 0 0 0 0 0 0 0 0
2014-5-25T18:49:21.097 0 0 0 0 0 0 0 0 0 0 0 0 0
2014-5-25T18:49:21.199 0 0 0 0 0 0 0 0 0 0 0 0 0
2014-5-25T18:49:21.304 0 0 0 0 0 0 0 0 0 0 0 0 0
2014-5-25T18:49:21.406 0 0 0 0 0 0 0 0 0 0 0 0 0
2014-5-25T18:49:21.509 0 0 0 0 0 0 0 0 0 0 0 0 0
2014-5-25T18:49:21.611 0 0 0 0 0 0 0 0 0 0 0 0 0
2014-5-25T18:49:21.713 0 0 0 0 0 0 0 0 0 0 0 0 0
2014-5-25T18:49:21.815 0 0 0 0 0 0 0 0 0 0 0 0 0
2014-5-25T18:49:21.916 0 0 0 0 0 0 0 0 0 0 0 0 0
2014-5-25T18:49:22.019 0 0 0 0 0 0 0 0 0 0 0 0 0
2014-5-25T18:49:22.122 0 0 0 0 0 0 0 0 0 0 0 0 0
2014-5-25T18:49:22.225 0 0 0 0 0 0 0 0 0 0 0 0 0
2014-5-25T18:49:22.328 0 0 0 0 0 0 0 0 0 0 0 0 0
2014-5-25T18:49:22.431 0 0 0 0 0 0 0 0 0 0 0 0 0
2014-5-25T18:49:22.535 0 0 0 0 0 0 0 0 0 0 0 0 0
2014-5-25T18:49:22.637 0 0 0 0 0 0 0 0 0 0 0 0 0
2014-5-25T18:49:22.740 0 0 0 0 0 0 0 0 0 0 0 0 0
2014-5-25T18:49:22.843 0 0 0 0 0 0 0 0 0 0 0 0 0
2014-5-25T18:49:22.947 0 0 0 0 0 0 0 0 0 0 0 0 0
2014-5-25T18:49:23.051 0 0 0 0 0 0 0 0 0 0 0 0 0
2014-5-25T18:49:23.154 0 0 0 0 0 0 0 0 0 0 0 0 0
2014-5-25T18:49:23.258 0 0 0 0 0 0 0 0 0 0 0 0 0
2014-5-25T18:49:23.361 0 0 0 0 0 0 0 0 0 0 0 0 0
2014-5-25T18:49:23.464 0 0 0 0 0 0 0 0 0 0 0 0 0
2014-5-25T18:49:23.567 0 0 0 0 0 0 0 0 0 0 0 0 0
2014-5-25T18:49:23.670 0 0 0 0 0 0 0 0 0 0 0 0 0
2014-5-25T18:49:23.773 0 0 0 0 0 0 0 0 0 0 0 0 0
2014-5-25T18:49:23.875 0 0 0 0 0 0 0 0 0 0 0 0 0
2014-5-25T18:49:23.979 0 0 0 0 0 0 0 0 0 0 0 0 0
2014-5-25T18:49:24.081 0 0 0 0 0 0 0 0 0 0 0 0 0
2014-5-25T18:49:24.183 0 0 0 0 0 0 0 0 0 0 0 0 0
2014-5-25T18:49:24.287 0 0 0 0 0 0 0 0 0 0 0 0 0
2014-5-25T18:49:24.389 0 0 0 0 0 0 0 0 0 0 0 0 0
2014-5-25T18:49:24.491 0 0 0 0 0 0 0 0 0 0 0 0 0
2014-5-25T18:49:24.594 0 0 0 0 0 0 0 0 0 0 0 0 0
2014-5-25T18:49:24.698 0 0 0 0 0 0 0 0 0 0 0 0 0
2014-5-25T18:49:24.801 0 0 0 0 0 0 0 0 0 0 0 0 0
2014-5-25T18:49:24.903 0 0 0 0 0 0 0 0 0 0 0 0 0
2014-5-25T18:49:25.006 0 0 0 0 0 0 0 0 0 0 0 0 0
2014-5-25T18:49:25.107 0 0 0 0 0 0 0 0 0 0 0 0 0
2014-5-25T18:49:25.210 0 0 0 0 0 0 0 0 0 0 0 0 0
2014-5-25T18:49:25.312 0 0 0 0 0 0 0 0 0 0 0 0 0
2014-5-25T18:49:25.416 0 0 0 0 0 0 0 0 0 0 0 0 0
2014-5-25T18:49:25.519 0 0 0 0 0 0 0 0 0 0 0 0 0
2014-5-25T18:49:25.623 0 0 0 0 0 0 0 0 0 0 0 0 0
2014-5-25T18:49:25.727 0 0 0 0 0 0 0 0 0 0 0 0 0
2014-5-25T18:49:25.829 0 0 0 0 0 0 0 0 0 0 0 0 0
2014-5-25T18:49:25.932 0 0 0 0 0 0 0 0 0 0 0 0 0
2014-5-25T18:49:26.034 0 0 0 0 0 0 0 0 0 0 0 0 0
2014-5-25T18:49:26.137 0 0 0 0 0 0 0 0 0 0 0 0 0
2014-5-25T18:49:26.240 0 0 0 0 0 0 0 0 0 0 0 0 0
2014-5-25T18:49:26.344 0 0 0 0 0 0 0 0 0 0 0 0 0
2014-5-25T18:49:26.448 0 0 0 0 0 0 0 0 0 0 0 0 0
2014-5-25T18:49:26.550 0 0 0 0 0 0 0 0 0 0 0 0 0
2014-5-25T18:49:26.653 0 0 0 0 0 0 0 0 0 0 0 0 0
2014-5-25T18:49:26.756 0 0 0 0 0 0 0 0 0 0 0 0 0
2014-5-25T18:49:26.859 0 0 0 0 0 0 0 0 0 0 0 0 0
2014-5-25T18:49:26.963 0 0 0 0 0 0 0 0 0 0 0 0 0
2014-5-25T18:49:27.066 0 0 0 0 0 0 0 0 0 0 0 0 0
2014-5-25T18:49:27.169 0 0 0 0 0 0 0 0 0 0 0 0 0
2014-5-25T18:49:27.271 0 0 0 0 0 0 0 0 0 0 0 0 0
2014-5-25T18:49:27.374 0 0 0 0 0 0 0 0 0 0 0 0 0
2014-5-25T18:49:27.478 0 0 0 0 0 0 0 0 0 0 0 0 0
2014-5-25T18:49:27.581 0 0 0 0 0 0 0 0 0 0 0 0 0
2014-5-25T18:49:27.683 0 0 0 0 0 0 0 0 0 0 0 0 0
2014-5-25T18:49:27.785 0 0 0 0 0 0 0 0 0 0 0 0 0
2014-5-25T18:49:27.887 0 0 0 0 0 0 0 0 0 0 0 0 0
2014-5-25T18:49:27.990 0 0 0 0 0 0 0 0 0 0 0 0 0
2014-5-25T18:49:28.092 0 0 0 0 0 0 0 0 0 0 0 0 0
2014-5-25T18:49:28.194 0 0 0 0 0 0 0 0 0 0 0 0 0
2014-5-25T18:49:28.298 0 0 0 0 0 0 0 0 0 0 0 0 0
2014-5-25T18:49:28.401 0 0 0 0 0 0 0 0 0 0 0 0 0
2014-5-25T18:49:28.503 0 0 0 0 0 0 0 0 0 0 0 0 0
2014-5-25T18:49:28.605 0 0 0 0 0 0 0 0 0 0 0 0 0
2014-5-25T18:49:28.708 0 0 0 0 0 0 0 0 0 0 0 0 0
2014-5-25T18:49:28.811 0 0 0 0 0 0 0 0 0 0 0 0 0
2014-5-25T18:49:28.914 0 0 0 0 0 0 0 0 0 0 0 0 0
2014-5-25T18:49:29.017 0 0 0 0 0 0 0 0 0 0 0 0 0
2014-5-25T18:49:29.120 0 0 0 0 0 0 0 0 0 0 0 0 0
2014-5-25T18:49:29.223 0 0 0 0 0 0 0 0 0 0 0 0 0
2014-5-25T18:49:29.326 0 0 0 0 0 0 0 0 0 0 0 0 0
2014-5-25T18:49:29.427 0 0 0 0 0 0 0 0 0 0 0 0 0
2014-5-25T18:49:29.529 0 0 0 0 0 0 0 0 0 0 0 0 0
2014-5-25T18:49:29.630 0 0 0 0 0 0 0 0 0 0 0 0 0
2014-5-25T18:49:29.733 0 0 0 0 0 0 0 0 0 0 0 0 0
2014-5-25T18:49:29.836 0 0 0 0 0 0 0 0 0 0 0 0 0
2014-5-25T18:49:29.939 0 0 0 0 0 0 0 0 0 0 0 0 0
2014-5-25T18:49:30.042 0 0 0 0 0 0 0 0 0 0 0 0 0
2014-5-25T18:49:30.146 0 0 0 0 0 0 0 0 0 0 0 0 0
2014-5-25T18:49:30.249 0 0 0 0 0 0 0 0 0 0 0 0 0
2014-5-25T18:49:30.354 0 0 0 0 0 0 0 0 0 0 0 0 0
2014-5-25T18:49:30.458 0 0 0 0 0 0 0 0 0 0 0 0 0
2014-5-25T18:49:30.561 0 0 0 0 0 0 0 0 0 0 0 0 0
2014-5-25T18:49:30.666 0 0 0 0 0 0 0 0 0 0 0 0 0
2014-5-25T18:49:30.769 0 0 0 0 0 0 0 0 0 0 0 0 0
2014-5-25T18:49:30.871 0 0 0 0 0 0 0 0 0 0 0 0 0
2014-5-25T18:49:30.975 0 0 0 0 0 0 0 0 0 0 0 0 0
2014-5-25T18:49:31.077 0 0 0 0 0 0 0 0 0 0 0 0 0
2014-5-25T18:49:31.180 0 0 0 0 0 0 0 0 0 0 0 0 0
2014-5-25T18:49:31.283 0 0 0 0 0 0 0 0 0 0 0 0 0
2014-5-25T18:49:31.384 0 0 0 0 0 0 0 0 0 0 0 0 0
2014-5-25T18:49:31.488 0 0 0 0 0 0 0 0 0 0 0 0 0
2014-5-25T18:49:31.589 0 0 0 0 0 0 0 0 0 0 0 0 0
2014-5-25T18:49:31.692 0 0 0 0 0 0 0 0 0 0 0 0 0
2014-5-25T18:49:31.796 0 0 0 0 0 0 0 0 0 0 0 0 0
2014-5-25T18:49:31.898 0 0 0 0 0 0 0 0 0 0 0 0 0
2014-5-25T18:49:32.000 0 0 0 0 0 0 0 0 0 0 0 0 0
2014-5-25T18:49:32.103 0 0 0 0 0 0 0 0 0 0 0 0 0
2014-5-25T18:49:32.205 0 0 0 0 0 0 0 0 0 0 0 0 0
2014-5-25T18:49:32.307 0 0 0 0 0 0 0 0 0 0 0 0 0
2014-5-25T18:49:32.410 0 0 0 0 0 0 0 0 0 0 0 0 0
2014-5-25T18:49:32.514 0 0 0 0 0 0 0 0 0 0 0 0 0
2014-5-25T18:49:32.617 0 0 0 0 0 0 0 0 0 0 0 0 0
2014-5-25T18:49:32.719 0 0 0 0 0 0 0 0 0 0 0 0 0
2014-5-25T18:49:32.822 0 0 0 0 0 0 0 0 0 0 0 0 0
2014-5-25T18:49:32.924 0 0 0 0 0 0 0 0 0 0 0 0 0
2014-5-25T18:49:33.026 0 0 0 0 0 0 0 0 0 0 0 0 0
2014-5-25T18:49:33.129 0 0 0 0 0 0 0 0 0 0 0 0 0
2014-5-25T18:49:33.232 0 0 0 0 0 0 0 0 0 0 0 0 0
2014-5-25T18:49:33.335 0 0 0 0 0 0 0 0 0 0 0 0 0
2014-5-25T18:49:33.439 0 0 0 0 0 0 0 0 0 0 0 0 0
2014-5-25T18:49:33.542 0 0 0 0 0 0 0 0 0 0 0 0 0
2014-5-25T18:49:33.645 0 0 0 0 0 0 0 0 0 0 0 0 0
2014-5-25T18:49:33.747 0 0 0 0 0 0 0 0 0 0 0 0 0
2014-5-25T18:49:33.849 0 0 0 0 0 0 0 0 0 0 0 0 0
2014-5-25T18:49:33.951 0 0 0 0 0 0 0 0 0 0 0 0 0
