# date irTemp ambientTemp pressure humidity acceleration(x y z) magnetometer(x y z) gyroscope(x y z)
2014-5-25T18:51:30.919 0 0 0 0 0 0 0 0 0 0 0 0 0
2014-5-25T18:51:31.023 29.08 24.84 0 0 0 0 0 0 0 0 0 0 0
2014-5-25T18:51:31.127 29.08 24.84 0 0 0.59 -0.64 0.17 0 0 0 0 0 0
2014-5-25T18:51:31.230 29.08 24.84 0 25.20 0.59 -0.64 0.17 0 0 0 0 0 0
2014-5-25T18:51:31.333 29.08 24.84 0 25.20 0.59 -0.64 0.17 0.00 0.00 0.00 0 0 0
2014-5-25T18:51:31.436 29.08 24.84 0 25.20 0.59 -0.64 0.17 0.00 0.00 0.00 0 0 0
2014-5-25T18:51:31.538 29.08 24.84 901.64 25.20 0.59 -0.64 0.17 0.00 0.00 0.00 0 0 0
2014-5-25T18:51:31.642 29.08 24.84 901.64 25.20 0.59 -0.64 0.17 0.00 0.00 0.00 82.16 78.21 219.97
2014-5-25T18:51:31.746 25.87 24.84 901.64 25.20 0.59 -0.64 0.17 0.00 0.00 0.00 82.16 78.21 219.97
2014-5-25T18:51:31.849 25.87 24.84 901.64 25.20 0.59 -0.64 0.17 0.00 0.00 0.00 82.16 78.21 219.97
2014-5-25T18:51:31.951 25.87 24.84 901.64 25.20 0.23 -0.73 -0.05 0.00 0.00 0.00 82.16 78.21 219.97
2014-5-25T18:51:32.054 25.87 24.84 901.64 25.20 0.23 -0.73 -0.05 0.00 0.00 0.00 82.16 78.21 219.97
2014-5-25T18:51:32.157 25.87 24.84 901.64 25.20 0.23 -0.73 -0.05 -7.17 7.63 -25.36 82.16 78.21 219.97
2014-5-25T18:51:32.262 25.87 24.84 901.64 25.20 0.23 -0.73 -0.05 -7.17 7.63 -25.36 82.16 78.21 219.97
2014-5-25T18:51:32.368 25.87 24.84 901.71 25.20 0.23 -0.73 -0.05 -7.17 7.63 -25.36 82.16 78.21 219.97
2014-5-25T18:51:32.470 25.87 24.84 901.71 25.20 0.23 -0.73 -0.05 -7.17 7.63 -25.36 10.64 -56.60 -3.01
2014-5-25T18:51:32.573 27.37 24.88 901.71 25.20 0.23 -0.73 -0.05 -7.17 7.63 -25.36 10.64 -56.60 -3.01
2014-5-25T18:51:32.675 27.37 24.88 901.71 25.20 0.23 -0.73 -0.05 -7.17 7.63 -25.36 10.64 -56.60 -3.01
2014-5-25T18:51:32.778 27.37 24.88 901.71 25.20 -0.02 -0.92 0.19 -7.17 7.63 -25.36 10.64 -56.60 -3.01
2014-5-25T18:51:32.881 27.37 24.88 901.71 25.20 -0.02 -0.92 0.19 -7.17 7.63 -25.36 10.64 -56.60 -3.01
2014-5-25T18:51:32.983 27.37 24.88 901.71 25.20 -0.02 -0.92 0.19 -7.17 7.63 -25.36 10.64 -56.60 -3.01
2014-5-25T18:51:33.089 27.37 24.88 901.71 25.20 -0.02 -0.92 0.19 -7.17 7.63 -25.36 10.64 -56.60 -3.01
2014-5-25T18:51:33.192 27.37 24.88 901.71 25.20 -0.02 -0.92 0.19 -7.17 7.63 -25.36 10.64 -56.60 -3.01
2014-5-25T18:51:33.295 27.37 24.88 901.71 25.20 -0.02 -0.92 0.19 -7.17 7.63 -25.36 1.26 -20.67 -0.47
2014-5-25T18:51:33.398 27.15 24.88 901.71 25.20 -0.02 -0.92 0.19 -7.17 7.63 -25.36 1.26 -20.67 -0.47
2014-5-25T18:51:33.501 27.15 24.88 901.71 25.20 -0.02 -0.98 0.06 -7.17 7.63 -25.36 1.26 -20.67 -0.47
2014-5-25T18:51:33.605 27.15 24.88 901.71 25.20 -0.02 -0.98 0.06 -7.17 7.63 -25.36 1.26 -20.67 -0.47
2014-5-25T18:51:33.707 27.15 24.88 901.71 25.20 -0.02 -0.98 0.06 -7.17 7.63 -25.36 1.26 -20.67 -0.47
2014-5-25T18:51:33.810 27.15 24.88 901.71 25.20 -0.02 -0.98 0.06 -6.90 7.39 -24.11 1.26 -20.67 -0.47
2014-5-25T18:51:33.913 27.15 24.88 887.35 25.20 -0.02 -0.98 0.06 -6.90 7.39 -24.11 1.26 -20.67 -0.47
2014-5-25T18:51:34.017 27.15 24.88 887.35 25.20 -0.02 -0.98 0.06 -6.90 7.39 -24.11 1.26 -20.67 -0.47
2014-5-25T18:51:34.119 27.15 24.88 887.35 25.20 -0.02 -0.98 0.06 -6.90 7.39 -24.11 1.37 3.10 -0.95
2014-5-25T18:51:34.221 26.42 24.88 887.35 25.20 -0.02 -0.98 0.06 -6.90 7.39 -24.11 1.37 3.10 -0.95
2014-5-25T18:51:34.325 26.42 24.88 887.35 25.20 -0.02 -1.00 0.05 -6.90 7.39 -24.11 1.37 3.10 -0.95
2014-5-25T18:51:34.429 26.42 24.88 887.35 25.20 -0.02 -1.00 0.05 -6.90 7.39 -24.11 1.37 3.10 -0.95
2014-5-25T18:51:34.532 26.42 24.88 887.35 25.20 -0.02 -1.00 0.05 -6.90 7.39 -24.11 1.37 3.10 -0.95
2014-5-25T18:51:34.634 26.42 24.88 887.35 25.20 -0.02 -1.00 0.05 -6.90 7.39 -24.11 1.37 3.10 -0.95
2014-5-25T18:51:34.737 26.42 24.88 887.36 25.20 -0.02 -1.00 0.05 -6.90 7.39 -24.11 1.37 3.10 -0.95
2014-5-25T18:51:34.843 26.42 24.88 887.36 25.20 -0.02 -1.00 0.05 -6.90 7.39 -24.11 1.00 1.75 -0.16
2014-5-25T18:51:34.946 26.42 24.88 887.36 25.20 -0.02 -1.00 0.05 -6.90 7.39 -24.11 1.00 1.75 -0.16
2014-5-25T18:51:35.050 26.34 24.91 887.36 25.20 -0.02 -1.00 0.05 -6.90 7.39 -24.11 1.00 1.75 -0.16
2014-5-25T18:51:35.152 26.34 24.91 887.36 25.20 -0.02 -0.98 0.05 -6.90 7.39 -24.11 1.00 1.75 -0.16
2014-5-25T18:51:35.255 26.34 24.91 887.36 25.20 -0.02 -0.98 0.05 -6.90 7.39 -24.11 1.00 1.75 -0.16
2014-5-25T18:51:35.357 26.34 24.91 887.36 25.20 -0.02 -0.98 0.05 -6.90 7.39 -24.11 1.00 1.75 -0.16
2014-5-25T18:51:35.460 26.34 24.91 887.36 25.20 -0.02 -0.98 0.05 -6.74 7.51 -24.81 1.00 1.75 -0.16
2014-5-25T18:51:35.563 26.34 24.91 873.00 25.20 -0.02 -0.98 0.05 -6.74 7.51 -24.81 1.00 1.75 -0.16
2014-5-25T18:51:35.664 26.34 24.91 873.00 25.20 -0.02 -0.98 0.05 -6.74 7.51 -24.81 0.98 0.00 0.02
2014-5-25T18:51:35.766 26.34 24.91 873.00 25.20 -0.02 -0.98 0.05 -6.74 7.51 -24.81 0.98 0.00 0.02
2014-5-25T18:51:35.868 26.34 24.91 873.00 25.20 -0.02 -0.98 0.05 -6.74 7.51 -24.81 0.98 0.00 0.02
2014-5-25T18:51:35.971 26.34 24.91 873.00 25.20 -0.02 -0.98 0.05 -6.74 7.51 -24.81 0.98 0.00 0.02
2014-5-25T18:51:36.073 26.34 24.91 873.00 25.20 -0.02 -0.98 0.05 -6.74 7.51 -24.81 0.98 0.00 0.02
2014-5-25T18:51:36.178 26.34 24.91 873.00 25.20 -0.02 -0.98 0.05 -6.74 7.51 -24.81 0.98 0.00 0.02
2014-5-25T18:51:36.281 26.34 24.91 873.00 25.20 -0.02 -0.98 0.05 -6.74 7.51 -24.81 0.98 0.00 0.02
2014-5-25T18:51:36.384 26.34 24.91 873.00 25.20 -0.02 -0.98 0.05 -6.74 7.51 -24.81 0.98 0.00 0.02
2014-5-25T18:51:36.489 26.34 24.91 873.00 25.20 -0.02 -0.98 0.05 -6.74 7.51 -24.81 0.98 0.00 0.02
2014-5-25T18:51:36.591 26.75 24.91 873.00 25.20 -0.02 -0.98 0.05 -6.74 7.51 -24.81 0.98 0.00 0.02
2014-5-25T18:51:36.694 26.75 24.91 873.00 25.20 -0.02 -0.98 0.05 -6.74 7.51 -24.81 0.98 0.00 0.02
2014-5-25T18:51:36.799 26.75 24.91 873.00 25.20 -0.02 -0.97 0.06 -6.74 7.51 -24.81 0.98 0.00 0.02
2014-5-25T18:51:36.900 26.75 24.91 873.00 25.20 -0.02 -0.97 0.06 -6.74 7.51 -24.81 0.98 0.00 0.02
2014-5-25T18:51:37.003 26.75 24.91 873.00 25.20 -0.02 -0.97 0.06 -6.74 7.51 -24.81 0.98 0.00 0.02
2014-5-25T18:51:37.106 26.75 24.91 873.00 25.20 -0.02 -0.97 0.06 -6.74 7.51 -24.81 0.98 0.00 0.02
2014-5-25T18:51:37.209 26.75 24.91 873.06 25.20 -0.02 -0.97 0.06 -6.74 7.51 -24.81 0.98 0.00 0.02
2014-5-25T18:51:37.312 26.75 24.91 873.06 25.20 -0.02 -0.97 0.06 -6.74 7.51 -24.81 1.11 2.14 -0.05
2014-5-25T18:51:37.414 26.59 24.91 873.06 25.20 -0.02 -0.97 0.06 -6.74 7.51 -24.81 1.11 2.14 -0.05
2014-5-25T18:51:37.518 26.59 24.91 873.06 25.20 -0.02 -0.97 0.06 -6.74 7.51 -24.81 1.11 2.14 -0.05
2014-5-25T18:51:37.621 26.59 24.91 873.06 25.20 -0.03 -0.98 0.05 -6.74 7.51 -24.81 1.11 2.14 -0.05
2014-5-25T18:51:37.724 26.59 24.91 873.06 25.20 -0.03 -0.98 0.05 -6.74 7.51 -24.81 1.11 2.14 -0.05
2014-5-25T18:51:37.826 26.59 24.91 873.06 25.20 -0.03 -0.98 0.05 -6.90 7.51 -24.26 1.11 2.14 -0.05
2014-5-25T18:51:37.929 26.59 24.91 873.06 25.20 -0.03 -0.98 0.05 -6.90 7.51 -24.26 1.11 2.14 -0.05
2014-5-25T18:51:38.032 26.59 24.91 858.69 25.20 -0.03 -0.98 0.05 -6.90 7.51 -24.26 1.11 2.14 -0.05
2014-5-25T18:51:38.136 26.59 24.91 858.69 25.20 -0.03 -0.98 0.05 -6.90 7.51 -24.26 0.91 2.45 -0.13
2014-5-25T18:51:38.238 26.63 24.94 858.69 25.20 -0.03 -0.98 0.05 -6.90 7.51 -24.26 0.91 2.45 -0.13
2014-5-25T18:51:38.341 26.63 24.94 858.69 25.20 -0.03 -0.98 0.05 -6.90 7.51 -24.26 0.91 2.45 -0.13
2014-5-25T18:51:38.443 26.63 24.94 858.69 25.20 -0.02 -1.00 0.06 -6.90 7.51 -24.26 0.91 2.45 -0.13
2014-5-25T18:51:38.546 26.63 24.94 858.69 25.20 -0.02 -1.00 0.06 -6.90 7.51 -24.26 0.91 2.45 -0.13
2014-5-25T18:51:38.649 26.63 24.94 858.69 25.20 -0.02 -1.00 0.06 -6.90 7.51 -24.26 0.91 2.45 -0.13
2014-5-25T18:51:38.752 26.63 24.94 858.74 25.20 -0.02 -1.00 0.06 -6.90 7.51 -24.26 0.91 2.45 -0.13
2014-5-25T18:51:38.853 26.63 24.94 858.74 25.20 -0.02 -1.00 0.06 -6.90 7.51 -24.26 0.91 2.45 -0.13
2014-5-25T18:51:38.956 26.63 24.94 858.74 25.20 -0.02 -1.00 0.06 -6.90 7.51 -24.26 1.17 0.31 -0.11
2014-5-25T18:51:39.059 26.79 24.94 858.74 25.20 -0.02 -1.00 0.06 -6.90 7.51 -24.26 1.17 0.31 -0.11
2014-5-25T18:51:39.162 26.79 24.94 858.74 25.20 -0.02 -0.98 0.06 -6.90 7.51 -24.26 1.17 0.31 -0.11
2014-5-25T18:51:39.264 26.79 24.94 858.74 25.20 -0.02 -0.98 0.06 -6.90 7.51 -24.26 1.17 0.31 -0.11
2014-5-25T18:51:39.368 26.79 24.94 858.74 25.29 -0.02 -0.98 0.06 -6.90 7.51 -24.26 1.17 0.31 -0.11
2014-5-25T18:51:39.471 26.79 24.94 858.74 25.29 -0.02 -0.98 0.06 -6.96 7.39 -24.93 1.17 0.31 -0.11
2014-5-25T18:51:39.575 26.79 24.94 858.74 25.29 -0.02 -0.98 0.06 -6.96 7.39 -24.93 1.17 0.31 -0.11
2014-5-25T18:51:39.682 26.79 24.94 858.74 25.29 -0.02 -0.98 0.06 -6.96 7.39 -24.93 1.17 0.31 -0.11
2014-5-25T18:51:39.785 26.79 24.94 858.74 25.29 -0.02 -0.98 0.06 -6.96 7.39 -24.93 1.16 2.23 -0.16
2014-5-25T18:51:39.889 26.79 24.94 858.74 25.29 -0.02 -0.98 0.06 -6.96 7.39 -24.93 1.16 2.23 -0.16
2014-5-25T18:51:39.993 26.79 24.94 858.74 25.29 -0.02 -0.98 0.06 -6.96 7.39 -24.93 1.16 2.23 -0.16
2014-5-25T18:51:40.095 26.79 24.94 858.74 25.29 -0.02 -0.98 0.06 -6.96 7.39 -24.93 1.16 2.23 -0.16
2014-5-25T18:51:40.198 26.79 24.94 858.74 25.29 -0.02 -0.98 0.06 -6.96 7.39 -24.93 1.16 2.23 -0.16
2014-5-25T18:51:40.301 26.79 24.94 858.74 25.29 -0.02 -0.98 0.06 -6.96 7.39 -24.93 1.16 2.23 -0.16
2014-5-25T18:51:40.404 26.79 24.94 844.38 25.29 -0.02 -0.98 0.06 -6.96 7.39 -24.93 1.16 2.23 -0.16
2014-5-25T18:51:40.506 26.79 24.94 844.38 25.29 -0.02 -0.98 0.06 -6.96 7.39 -24.93 1.16 2.23 -0.16
2014-5-25T18:51:40.609 26.79 24.94 844.38 25.29 -0.02 -0.98 0.06 -6.96 7.39 -24.93 1.16 2.23 -0.16
2014-5-25T18:51:40.711 26.67 24.94 844.38 25.29 -0.02 -0.98 0.06 -6.96 7.39 -24.93 1.16 2.23 -0.16
2014-5-25T18:51:40.814 26.67 24.94 844.38 25.29 -0.03 -0.98 0.08 -6.96 7.39 -24.93 1.16 2.23 -0.16
2014-5-25T18:51:40.917 26.67 24.94 844.38 25.29 -0.03 -0.98 0.08 -6.96 7.39 -24.93 1.16 2.23 -0.16
2014-5-25T18:51:41.019 26.67 24.94 844.38 25.29 -0.03 -0.98 0.08 -6.96 7.39 -24.93 1.16 2.23 -0.16
2014-5-25T18:51:41.122 26.67 24.94 844.38 25.29 -0.03 -0.98 0.08 -6.96 7.39 -24.93 1.16 2.23 -0.16
2014-5-25T18:51:41.226 26.67 24.94 844.38 25.29 -0.03 -0.98 0.08 -6.96 7.39 -24.93 1.16 2.23 -0.16
2014-5-25T18:51:41.329 26.67 24.94 844.38 25.29 -0.03 -0.98 0.08 -6.96 7.39 -24.93 1.15 4.00 -0.21
2014-5-25T18:51:41.432 26.67 24.94 844.38 25.29 -0.03 -0.98 0.08 -6.96 7.39 -24.93 1.15 4.00 -0.21
2014-5-25T18:51:41.535 26.93 24.97 844.38 25.29 -0.03 -0.98 0.08 -6.96 7.39 -24.93 1.15 4.00 -0.21
2014-5-25T18:51:41.637 26.93 24.97 844.38 25.29 -0.02 -0.98 0.06 -6.96 7.39 -24.93 1.15 4.00 -0.21
2014-5-25T18:51:41.743 26.93 24.97 844.38 25.29 -0.02 -0.98 0.06 -6.96 7.39 -24.93 1.15 4.00 -0.21
2014-5-25T18:51:41.846 26.93 24.97 844.38 25.29 -0.02 -0.98 0.06 -6.96 7.39 -24.93 1.15 4.00 -0.21
2014-5-25T18:51:41.948 26.93 24.97 844.38 25.29 -0.02 -0.98 0.06 -7.05 7.51 -24.60 1.15 4.00 -0.21
2014-5-25T18:51:42.051 26.93 24.97 837.20 25.29 -0.02 -0.98 0.06 -7.05 7.51 -24.60 1.15 4.00 -0.21
2014-5-25T18:51:42.153 26.93 24.97 837.20 25.29 -0.02 -0.98 0.06 -7.05 7.51 -24.60 70.57 -156.12 107.14
2014-5-25T18:51:42.256 26.93 24.97 837.20 25.29 -0.02 -0.98 0.06 -7.05 7.51 -24.60 70.57 -156.12 107.14
2014-5-25T18:51:42.359 27.18 24.97 837.20 25.29 -0.02 -0.98 0.06 -7.05 7.51 -24.60 70.57 -156.12 107.14
2014-5-25T18:51:42.462 27.18 24.97 837.20 25.29 0.75 -0.50 0.72 -7.05 7.51 -24.60 70.57 -156.12 107.14
2014-5-25T18:51:42.568 27.18 24.97 837.20 25.29 0.75 -0.50 0.72 -7.05 7.51 -24.60 70.57 -156.12 107.14
2014-5-25T18:51:42.669 27.18 24.97 837.20 25.29 0.75 -0.50 0.72 -7.05 7.51 -24.60 70.57 -156.12 107.14
2014-5-25T18:51:42.772 27.18 24.97 837.20 25.29 0.75 -0.50 0.72 -7.05 7.51 -24.60 70.57 -156.12 107.14
2014-5-25T18:51:42.874 27.18 24.97 837.20 25.29 0.75 -0.50 0.72 -7.05 7.51 -24.60 70.57 -156.12 107.14
2014-5-25T18:51:42.977 27.18 24.97 837.20 25.29 0.75 -0.50 0.72 -7.05 7.51 -24.60 -56.80 -44.62 141.65
2014-5-25T18:51:43.080 27.47 24.97 837.20 25.29 0.75 -0.50 0.72 -7.05 7.51 -24.60 -56.80 -44.62 141.65
2014-5-25T18:51:43.192 27.47 24.97 837.20 25.29 0.75 -0.50 0.72 -7.05 7.51 -24.60 -56.80 -44.62 141.65
2014-5-25T18:51:43.297 27.47 24.97 837.20 25.29 0.73 0.52 0.69 -7.05 7.51 -24.60 -56.80 -44.62 141.65
2014-5-25T18:51:43.400 27.47 24.97 837.20 25.29 0.73 0.52 0.69 -7.05 7.51 -24.60 -56.80 -44.62 141.65
2014-5-25T18:51:43.503 27.47 24.97 837.20 25.29 0.73 0.52 0.69 -28.93 16.14 -32.56 -56.80 -44.62 141.65
2014-5-25T18:51:43.608 27.47 24.97 837.20 25.29 0.73 0.52 0.69 -28.93 16.14 -32.56 -56.80 -44.62 141.65
2014-5-25T18:51:43.711 27.47 24.97 837.23 25.29 0.73 0.52 0.69 -28.93 16.14 -32.56 -56.80 -44.62 141.65
2014-5-25T18:51:43.814 27.47 24.97 837.23 25.29 0.73 0.52 0.69 -28.93 16.14 -32.56 30.28 -11.60 46.41
2014-5-25T18:51:43.917 27.47 24.97 837.23 25.29 0.73 0.52 0.69 -28.93 16.14 -32.56 30.28 -11.60 46.41
2014-5-25T18:51:44.020 27.47 24.97 837.23 25.29 0.73 0.52 0.69 -28.93 16.14 -32.56 30.28 -11.60 46.41
2014-5-25T18:51:44.125 27.47 24.97 837.23 25.29 0.73 0.52 0.69 -28.93 16.14 -32.56 30.28 -11.60 46.41
2014-5-25T18:51:44.227 27.47 24.97 837.23 25.29 0.73 0.52 0.69 -28.93 16.14 -32.56 30.28 -11.60 46.41
2014-5-25T18:51:44.334 27.47 24.97 837.23 25.29 0.73 0.52 0.69 -28.93 16.14 -32.56 30.28 -11.60 46.41
2014-5-25T18:51:44.443 27.47 24.97 837.23 25.29 0.73 0.52 0.69 -28.93 16.14 -32.56 30.28 -11.60 46.41
2014-5-25T18:51:44.550 27.47 24.97 837.23 25.29 0.73 0.52 0.69 -28.93 16.14 -32.56 30.28 -11.60 46.41
2014-5-25T18:51:44.653 27.47 24.97 830.05 25.29 0.73 0.52 0.69 -28.93 16.14 -32.56 30.28 -11.60 46.41
2014-5-25T18:51:44.756 27.47 24.97 830.05 25.29 0.73 0.52 0.69 -28.93 16.14 -32.56 -45.33 -67.14 -51.06
2014-5-25T18:51:44.860 27.45 24.97 830.05 25.29 0.73 0.52 0.69 -28.93 16.14 -32.56 -45.33 -67.14 -51.06
2014-5-25T18:51:44.962 27.45 24.97 830.05 25.29 0.19 -0.03 0.77 -28.93 16.14 -32.56 -45.33 -67.14 -51.06
2014-5-25T18:51:45.065 27.45 24.97 830.05 25.29 0.19 -0.03 0.77 -28.93 16.14 -32.56 -45.33 -67.14 -51.06
2014-5-25T18:51:45.168 27.45 24.97 830.05 25.29 0.19 -0.03 0.77 -28.93 16.14 -32.56 -45.33 -67.14 -51.06
2014-5-25T18:51:45.272 27.45 24.97 830.05 25.29 0.19 -0.03 0.77 -28.93 16.14 -32.56 -45.33 -67.14 -51.06
2014-5-25T18:51:45.375 27.45 24.97 830.05 25.29 0.19 -0.03 0.77 -28.93 16.14 -32.56 -45.33 -67.14 -51.06
2014-5-25T18:51:45.478 27.45 24.97 830.05 25.29 0.19 -0.03 0.77 -12.60 1.10 -12.24 -45.33 -67.14 -51.06
2014-5-25T18:51:45.581 27.45 24.97 830.10 25.29 0.19 -0.03 0.77 -12.60 1.10 -12.24 -45.33 -67.14 -51.06
2014-5-25T18:51:45.684 27.45 24.97 830.10 25.29 0.19 -0.03 0.77 -12.60 1.10 -12.24 -45.33 -67.14 -51.06
2014-5-25T18:51:45.786 27.45 24.97 830.10 25.29 0.19 -0.03 0.77 -12.60 1.10 -12.24 27.19 15.11 7.82
2014-5-25T18:51:45.888 27.45 24.97 830.10 25.29 0.19 -0.03 0.77 -12.60 1.10 -12.24 27.19 15.11 7.82
2014-5-25T18:51:45.990 25.23 25.00 830.10 25.29 0.19 -0.03 0.77 -12.60 1.10 -12.24 27.19 15.11 7.82
2014-5-25T18:51:46.091 25.23 25.00 830.10 25.29 0.19 -0.03 0.77 -12.60 1.10 -12.24 27.19 15.11 7.82
2014-5-25T18:51:46.194 25.23 25.00 830.10 25.29 0.19 -0.03 0.77 -12.60 1.10 -12.24 27.19 15.11 7.82
2014-5-25T18:51:46.297 25.23 25.00 830.10 25.29 0.19 -0.03 0.77 -12.60 1.10 -12.24 27.19 15.11 7.82
2014-5-25T18:51:46.399 25.23 25.00 830.10 25.29 -0.34 0.23 0.94 -12.60 1.10 -12.24 27.19 15.11 7.82
2014-5-25T18:51:46.503 25.23 25.00 830.10 25.29 -0.34 0.23 0.94 -12.60 1.10 -12.24 27.19 15.11 7.82
2014-5-25T18:51:46.605 25.23 25.00 830.10 25.29 -0.34 0.23 0.94 -12.60 1.10 -12.24 27.19 15.11 7.82
2014-5-25T18:51:46.706 25.23 25.00 830.10 25.29 -0.34 0.23 0.94 -12.60 1.10 -12.24 27.19 15.11 7.82
2014-5-25T18:51:46.809 25.23 25.00 830.10 25.29 -0.34 0.23 0.94 -12.60 1.10 -12.24 27.19 15.11 7.82
2014-5-25T18:51:46.911 25.23 25.00 830.10 25.29 -0.34 0.23 0.94 -12.60 1.10 -12.24 27.19 15.11 7.82
2014-5-25T18:51:47.014 25.23 25.00 830.10 25.29 -0.34 0.23 0.94 -12.60 1.10 -12.24 27.19 15.11 7.82
2014-5-25T18:51:47.117 25.23 25.00 830.10 25.29 -0.34 0.23 0.94 -12.60 1.10 -12.24 27.19 15.11 7.82
2014-5-25T18:51:47.219 25.23 25.00 830.10 25.29 -0.34 0.23 0.94 -12.60 1.10 -12.24 -18.84 -51.61 17.13
2014-5-25T18:51:47.322 25.83 25.00 830.10 25.29 -0.34 0.23 0.94 -12.60 1.10 -12.24 -18.84 -51.61 17.13
2014-5-25T18:51:47.425 25.83 25.00 830.10 25.29 0.03 0.20 0.44 -12.60 1.10 -12.24 -18.84 -51.61 17.13
2014-5-25T18:51:47.526 25.83 25.00 830.10 25.29 0.03 0.20 0.44 -12.60 1.10 -12.24 -18.84 -51.61 17.13
2014-5-25T18:51:47.629 25.83 25.00 830.10 25.29 0.03 0.20 0.44 -12.60 1.10 -12.24 -18.84 -51.61 17.13
2014-5-25T18:51:47.732 25.83 25.00 830.10 25.29 0.03 0.20 0.44 -13.28 8.48 -15.11 -18.84 -51.61 17.13
2014-5-25T18:51:47.837 25.83 25.00 830.12 25.29 0.03 0.20 0.44 -13.28 8.48 -15.11 -18.84 -51.61 17.13
2014-5-25T18:51:47.939 25.83 25.00 830.12 25.29 0.03 0.20 0.44 -13.28 8.48 -15.11 45.33 9.84 -52.46
2014-5-25T18:51:48.041 25.83 25.00 830.12 25.29 0.03 0.20 0.44 -13.28 8.48 -15.11 45.33 9.84 -52.46
2014-5-25T18:51:48.142 24.29 25.00 830.12 25.29 0.03 0.20 0.44 -13.28 8.48 -15.11 45.33 9.84 -52.46
2014-5-25T18:51:48.243 24.29 25.00 830.12 25.29 0.11 -0.05 1.13 -13.28 8.48 -15.11 45.33 9.84 -52.46
2014-5-25T18:51:48.345 24.29 25.00 830.12 25.37 0.11 -0.05 1.13 -13.28 8.48 -15.11 45.33 9.84 -52.46
2014-5-25T18:51:48.447 24.29 25.00 830.12 25.37 0.11 -0.05 1.13 -13.28 8.48 -15.11 45.33 9.84 -52.46
2014-5-25T18:51:48.550 24.29 25.00 830.12 25.37 0.11 -0.05 1.13 -13.28 8.48 -15.11 45.33 9.84 -52.46
2014-5-25T18:51:48.653 24.29 25.00 830.12 25.37 0.11 -0.05 1.13 -13.28 8.48 -15.11 45.33 9.84 -52.46
2014-5-25T18:51:48.756 24.29 25.00 815.75 25.37 0.11 -0.05 1.13 -13.28 8.48 -15.11 45.33 9.84 -52.46
2014-5-25T18:51:48.860 24.29 25.00 815.75 25.37 0.11 -0.05 1.13 -13.28 8.48 -15.11 9.18 13.08 -2.44
2014-5-25T18:51:48.962 24.29 25.00 815.75 25.37 0.11 -0.05 1.13 -13.28 8.48 -15.11 9.18 13.08 -2.44
2014-5-25T18:51:49.065 24.29 25.00 815.75 25.37 0.11 -0.05 1.13 -13.28 8.48 -15.11 9.18 13.08 -2.44
2014-5-25T18:51:49.167 24.29 25.00 815.75 25.37 0.22 0.08 0.97 -13.28 8.48 -15.11 9.18 13.08 -2.44
2014-5-25T18:51:49.271 24.29 25.00 815.75 25.37 0.22 0.08 0.97 -13.28 8.48 -15.11 9.18 13.08 -2.44
2014-5-25T18:51:49.373 24.29 25.00 815.75 25.37 0.22 0.08 0.97 -13.28 8.48 -15.11 9.18 13.08 -2.44
2014-5-25T18:51:49.477 24.29 25.00 815.75 25.37 0.22 0.08 0.97 -17.46 11.11 -17.46 9.18 13.08 -2.44
2014-5-25T18:51:49.579 24.29 25.00 815.75 25.37 0.22 0.08 0.97 -17.46 11.11 -17.46 9.18 13.08 -2.44
2014-5-25T18:51:49.684 24.29 25.00 815.77 25.37 0.22 0.08 0.97 -17.46 11.11 -17.46 9.18 13.08 -2.44
2014-5-25T18:51:49.786 24.29 25.00 815.77 25.37 0.22 0.08 0.97 -17.46 11.11 -17.46 -0.38 2.78 -0.22
2014-5-25T18:51:49.887 24.29 25.00 815.77 25.37 0.22 0.08 0.97 -17.46 11.11 -17.46 -0.38 2.78 -0.22
2014-5-25T18:51:49.993 24.40 25.00 815.77 25.37 0.22 0.08 0.97 -17.46 11.11 -17.46 -0.38 2.78 -0.22
2014-5-25T18:51:50.097 24.40 25.00 815.77 25.37 0.22 0.08 0.97 -17.46 11.11 -17.46 -0.38 2.78 -0.22
2014-5-25T18:51:50.199 24.40 25.00 815.77 25.37 0.22 0.08 0.97 -17.46 11.11 -17.46 -0.38 2.78 -0.22
2014-5-25T18:51:50.301 24.40 25.00 815.77 25.37 0.22 0.08 0.97 -17.46 11.11 -17.46 -0.38 2.78 -0.22
2014-5-25T18:51:50.403 24.40 25.00 815.77 25.37 0.22 0.08 0.97 -17.46 11.11 -17.46 -0.38 2.78 -0.22
2014-5-25T18:51:50.506 24.40 25.00 815.77 25.37 0.22 0.08 0.97 -17.46 11.11 -17.46 -0.38 2.78 -0.22
2014-5-25T18:51:50.608 24.40 25.00 815.77 25.37 0.22 0.08 0.97 -17.46 11.11 -17.46 -0.38 2.78 -0.22
2014-5-25T18:51:50.710 23.16 25.03 815.77 25.37 0.22 0.08 0.97 -17.46 11.11 -17.46 -0.38 2.78 -0.22
2014-5-25T18:51:50.813 23.16 25.03 815.77 25.37 0.22 0.08 0.97 -17.46 11.11 -17.46 -0.38 2.78 -0.22
2014-5-25T18:51:50.915 23.16 25.03 815.77 25.37 0.22 0.08 0.97 -17.46 11.11 -17.46 -0.38 2.78 -0.22
2014-5-25T18:51:51.018 23.16 25.03 815.77 25.37 0.22 0.08 0.97 -17.46 11.11 -17.46 -0.38 2.78 -0.22
2014-5-25T18:51:51.120 23.16 25.03 815.77 25.37 0.22 0.08 0.97 -17.46 11.11 -17.46 -0.38 2.78 -0.22
2014-5-25T18:51:51.222 23.16 25.03 815.77 25.37 0.22 0.08 0.97 -17.46 11.11 -17.46 -0.38 2.78 -0.22
2014-5-25T18:51:51.325 23.16 25.03 815.77 25.37 0.22 0.08 0.97 -17.46 11.11 -17.46 -0.38 2.78 -0.22
2014-5-25T18:51:51.427 23.16 25.03 815.77 25.37 0.22 0.08 0.97 -17.46 11.11 -17.46 -0.38 2.78 -0.22
2014-5-25T18:51:51.529 23.16 25.03 815.77 25.37 0.22 0.08 0.97 -17.46 11.11 -17.46 1.14 2.55 -0.22
2014-5-25T18:51:51.632 23.16 25.03 815.77 25.37 0.22 0.08 0.97 -17.46 11.11 -17.46 1.14 2.55 -0.22
2014-5-25T18:51:51.734 23.62 25.03 815.77 25.37 0.22 0.08 0.97 -17.46 11.11 -17.46 1.14 2.55 -0.22
2014-5-25T18:51:51.838 23.62 25.03 815.77 25.37 0.22 0.06 1.03 -17.46 11.11 -17.46 1.14 2.55 -0.22
2014-5-25T18:51:51.941 23.62 25.03 815.77 25.37 0.22 0.06 1.03 -17.46 11.11 -17.46 1.14 2.55 -0.22
2014-5-25T18:51:52.043 23.62 25.03 815.77 25.37 0.22 0.06 1.03 -17.46 11.11 -17.46 1.14 2.55 -0.22
2014-5-25T18:51:52.146 23.62 25.03 815.77 25.37 0.22 0.06 1.03 -17.12 9.70 -16.60 1.14 2.55 -0.22
2014-5-25T18:51:52.247 23.62 25.03 815.81 25.37 0.22 0.06 1.03 -17.12 9.70 -16.60 1.14 2.55 -0.22
2014-5-25T18:51:52.349 23.62 25.03 815.81 25.37 0.22 0.06 1.03 -17.12 9.70 -16.60 29.50 1.85 0.35
2014-5-25T18:51:52.450 23.62 25.03 815.81 25.37 0.22 0.06 1.03 -17.12 9.70 -16.60 29.50 1.85 0.35
2014-5-25T18:51:52.555 23.25 25.03 815.81 25.37 0.22 0.06 1.03 -17.12 9.70 -16.60 29.50 1.85 0.35
2014-5-25T18:51:52.656 23.25 25.03 815.81 25.37 0.11 0.08 1.02 -17.12 9.70 -16.60 29.50 1.85 0.35
2014-5-25T18:51:52.760 23.25 25.03 815.81 25.37 0.11 0.08 1.02 -17.12 9.70 -16.60 29.50 1.85 0.35
2014-5-25T18:51:52.861 23.25 25.03 815.81 25.37 0.11 0.08 1.02 -17.12 9.70 -16.60 29.50 1.85 0.35
2014-5-25T18:51:52.964 23.25 25.03 815.81 25.37 0.11 0.08 1.02 -17.12 9.70 -16.60 29.50 1.85 0.35
2014-5-25T18:51:53.065 23.25 25.03 815.81 25.37 0.11 0.08 1.02 -17.12 9.70 -16.60 29.50 1.85 0.35
2014-5-25T18:51:53.167 23.25 25.03 815.81 25.37 0.11 0.08 1.02 -17.12 9.70 -16.60 1.11 2.67 -0.18
2014-5-25T18:51:53.268 23.95 25.03 815.81 25.37 0.11 0.08 1.02 -17.12 9.70 -16.60 1.11 2.67 -0.18
2014-5-25T18:51:53.370 23.95 25.03 815.81 25.37 0.11 0.08 1.02 -17.12 9.70 -16.60 1.11 2.67 -0.18
2014-5-25T18:51:53.474 23.95 25.03 815.81 25.37 0.13 0.08 0.98 -17.12 9.70 -16.60 1.11 2.67 -0.18
2014-5-25T18:51:53.576 23.95 25.03 815.81 25.37 0.13 0.08 0.98 -17.12 9.70 -16.60 1.11 2.67 -0.18
2014-5-25T18:51:53.678 23.95 25.03 815.81 25.37 0.13 0.08 0.98 -17.12 9.70 -16.60 1.11 2.67 -0.18
2014-5-25T18:51:53.781 23.95 25.03 815.81 25.37 0.13 0.08 0.98 -16.94 10.31 -16.72 1.11 2.67 -0.18
2014-5-25T18:51:53.885 23.95 25.03 815.82 25.37 0.13 0.08 0.98 -16.94 10.31 -16.72 1.11 2.67 -0.18
2014-5-25T18:51:53.988 23.95 25.03 815.82 25.37 0.13 0.08 0.98 -16.94 10.31 -16.72 1.11 2.67 -0.18
2014-5-25T18:51:54.091 23.95 25.03 815.82 25.37 0.13 0.08 0.98 -16.94 10.31 -16.72 1.24 2.58 -0.12
2014-5-25T18:51:54.193 22.87 25.03 815.82 25.37 0.13 0.08 0.98 -16.94 10.31 -16.72 1.24 2.58 -0.12
2014-5-25T18:51:54.297 22.87 25.03 815.82 25.37 0.14 0.08 1.00 -16.94 10.31 -16.72 1.24 2.58 -0.12
2014-5-25T18:51:54.399 22.87 25.03 815.82 25.37 0.14 0.08 1.00 -16.94 10.31 -16.72 1.24 2.58 -0.12
2014-5-25T18:51:54.501 22.87 25.03 815.82 25.37 0.14 0.08 1.00 -16.94 10.31 -16.72 1.24 2.58 -0.12
2014-5-25T18:51:54.603 22.87 25.03 815.82 25.37 0.14 0.08 1.00 -16.94 10.31 -16.72 1.24 2.58 -0.12
2014-5-25T18:51:54.706 22.87 25.03 815.82 25.37 0.14 0.08 1.00 -16.94 10.31 -16.72 1.24 2.58 -0.12
2014-5-25T18:51:54.809 22.87 25.03 815.82 25.37 0.14 0.08 1.00 -16.94 10.31 -16.72 1.24 2.58 -0.12
2014-5-25T18:51:54.911 22.87 25.03 815.82 25.37 0.14 0.08 1.00 -16.94 10.31 -16.72 0.72 2.53 -0.18
2014-5-25T18:51:55.013 22.87 25.03 815.82 25.37 0.14 0.08 1.00 -16.94 10.31 -16.72 0.72 2.53 -0.18
2014-5-25T18:51:55.116 22.87 25.03 815.82 25.37 0.14 0.08 1.00 -16.94 10.31 -16.72 0.72 2.53 -0.18
2014-5-25T18:51:55.218 22.87 25.03 815.82 25.37 0.14 0.08 1.00 -16.94 10.31 -16.72 0.72 2.53 -0.18
2014-5-25T18:51:55.319 22.87 25.03 815.82 25.37 0.14 0.08 1.00 -16.94 10.31 -16.72 0.72 2.53 -0.18
2014-5-25T18:51:55.422 22.87 25.03 815.82 25.37 0.14 0.08 1.00 -16.94 10.31 -16.72 0.72 2.53 -0.18
2014-5-25T18:51:55.525 22.87 25.03 801.45 25.37 0.14 0.08 1.00 -16.94 10.31 -16.72 0.72 2.53 -0.18
2014-5-25T18:51:55.627 22.87 25.03 801.45 25.37 0.14 0.08 1.00 -16.94 10.31 -16.72 0.72 2.53 -0.18
2014-5-25T18:51:55.730 22.87 25.03 801.45 25.37 0.14 0.08 1.00 -16.94 10.31 -16.72 0.72 2.53 -0.18
2014-5-25T18:51:55.831 22.57 25.03 801.45 25.37 0.14 0.08 1.00 -16.94 10.31 -16.72 0.72 2.53 -0.18
2014-5-25T18:51:55.934 22.57 25.03 801.45 25.37 0.13 0.08 1.00 -16.94 10.31 -16.72 0.72 2.53 -0.18
2014-5-25T18:51:56.036 22.57 25.03 801.45 25.37 0.13 0.08 1.00 -16.94 10.31 -16.72 0.72 2.53 -0.18
2014-5-25T18:51:56.137 22.57 25.03 801.45 25.37 0.13 0.08 1.00 -16.94 10.31 -16.72 0.72 2.53 -0.18
2014-5-25T18:51:56.241 22.57 25.03 801.45 25.37 0.13 0.08 1.00 -17.03 10.25 -16.54 0.72 2.53 -0.18
2014-5-25T18:51:56.343 22.57 25.03 801.49 25.37 0.13 0.08 1.00 -17.03 10.25 -16.54 0.72 2.53 -0.18
2014-5-25T18:51:56.444 22.57 25.03 801.49 25.37 0.13 0.08 1.00 -17.03 10.25 -16.54 1.18 2.62 -0.22
2014-5-25T18:51:56.548 22.57 25.03 801.49 25.37 0.13 0.08 1.00 -17.03 10.25 -16.54 1.18 2.62 -0.22
2014-5-25T18:51:56.655 22.38 25.03 801.49 25.37 0.13 0.08 1.00 -17.03 10.25 -16.54 1.18 2.62 -0.22
2014-5-25T18:51:56.756 22.38 25.03 801.49 25.37 0.13 0.08 1.00 -17.03 10.25 -16.54 1.18 2.62 -0.22
2014-5-25T18:51:56.859 22.38 25.03 801.49 25.37 0.13 0.08 1.00 -17.03 10.25 -16.54 1.18 2.62 -0.22
2014-5-25T18:51:56.962 22.38 25.03 801.49 25.37 0.13 0.08 1.00 -17.03 10.25 -16.54 1.18 2.62 -0.22
2014-5-25T18:51:57.065 22.38 25.03 801.49 25.37 0.13 0.08 1.00 -17.03 10.25 -16.54 1.18 2.62 -0.22
2014-5-25T18:51:57.167 22.38 25.03 801.49 25.37 0.13 0.08 1.00 -17.03 10.25 -16.54 1.18 2.62 -0.22
2014-5-25T18:51:57.268 22.38 25.03 794.30 25.37 0.13 0.08 1.00 -17.03 10.25 -16.54 1.18 2.62 -0.22
2014-5-25T18:51:57.372 22.38 25.03 794.30 25.37 0.13 0.08 1.00 -17.03 10.25 -16.54 1.18 2.62 -0.22
2014-5-25T18:51:57.474 22.38 25.03 794.30 25.37 0.13 0.08 1.00 -17.03 10.25 -16.54 1.05 2.59 -0.31
2014-5-25T18:51:57.576 22.57 25.03 794.30 25.37 0.13 0.08 1.00 -17.03 10.25 -16.54 1.05 2.59 -0.31
2014-5-25T18:51:57.678 22.57 25.03 794.30 25.37 0.13 0.08 1.00 -17.03 10.25 -16.54 1.05 2.59 -0.31
2014-5-25T18:51:57.779 22.57 25.03 794.30 25.37 0.13 0.08 1.00 -17.03 10.25 -16.54 1.05 2.59 -0.31
2014-5-25T18:51:57.882 22.57 25.03 794.30 25.37 0.13 0.08 1.00 -17.03 10.25 -16.54 1.05 2.59 -0.31
2014-5-25T18:51:57.985 22.57 25.03 794.30 25.37 0.13 0.08 1.00 -17.03 10.25 -16.54 1.05 2.59 -0.31
2014-5-25T18:51:58.088 22.57 25.03 794.30 25.37 0.13 0.08 1.00 -17.15 10.07 -16.91 1.05 2.59 -0.31
2014-5-25T18:51:58.191 22.57 25.03 794.29 25.37 0.13 0.08 1.00 -17.15 10.07 -16.91 1.05 2.59 -0.31
2014-5-25T18:51:58.292 22.57 25.03 794.29 25.37 0.13 0.08 1.00 -17.15 10.07 -16.91 1.05 2.59 -0.31
2014-5-25T18:51:58.395 22.57 25.03 794.29 25.37 0.13 0.08 1.00 -17.15 10.07 -16.91 0.92 2.56 -0.21
2014-5-25T18:51:58.499 22.57 25.03 794.29 25.37 0.13 0.08 1.00 -17.15 10.07 -16.91 0.92 2.56 -0.21
2014-5-25T18:51:58.602 22.66 25.03 794.29 25.37 0.13 0.08 1.00 -17.15 10.07 -16.91 0.92 2.56 -0.21
2014-5-25T18:51:58.704 22.66 25.03 794.29 25.37 0.13 0.08 1.00 -17.15 10.07 -16.91 0.92 2.56 -0.21
2014-5-25T18:51:58.808 22.66 25.03 794.29 25.37 0.13 0.08 1.00 -17.15 10.07 -16.91 0.92 2.56 -0.21
2014-5-25T18:51:58.910 22.66 25.03 794.29 25.37 0.13 0.08 1.00 -17.15 10.07 -16.91 0.92 2.56 -0.21
2014-5-25T18:51:59.013 22.66 25.03 794.29 25.37 0.13 0.08 1.00 -17.15 10.07 -16.91 0.92 2.56 -0.21
2014-5-25T18:51:59.118 22.66 25.03 794.29 25.37 0.13 0.08 1.00 -17.15 10.07 -16.91 0.92 2.56 -0.21
2014-5-25T18:51:59.221 22.66 25.03 794.29 25.37 0.13 0.08 1.00 -17.15 10.07 -16.91 0.92 2.56 -0.21
2014-5-25T18:51:59.324 22.66 25.03 794.29 25.37 0.13 0.08 1.00 -17.15 10.07 -16.91 0.90 2.53 -0.24
2014-5-25T18:51:59.427 22.54 25.03 794.29 25.37 0.13 0.08 1.00 -17.15 10.07 -16.91 0.90 2.53 -0.24
2014-5-25T18:51:59.530 22.54 25.03 794.29 25.37 0.13 0.08 1.00 -17.15 10.07 -16.91 0.90 2.53 -0.24
2014-5-25T18:51:59.633 22.54 25.03 794.29 25.37 0.11 0.08 0.98 -17.15 10.07 -16.91 0.90 2.53 -0.24
2014-5-25T18:51:59.736 22.54 25.03 794.29 25.37 0.11 0.08 0.98 -17.15 10.07 -16.91 0.90 2.53 -0.24
2014-5-25T18:51:59.839 22.54 25.03 794.29 25.37 0.11 0.08 0.98 -17.09 10.28 -16.72 0.90 2.53 -0.24
2014-5-25T18:51:59.940 22.54 25.03 794.29 25.37 0.11 0.08 0.98 -17.09 10.28 -16.72 0.90 2.53 -0.24
2014-5-25T18:52:0.042 22.54 25.03 787.11 25.37 0.11 0.08 0.98 -17.09 10.28 -16.72 0.90 2.53 -0.24
2014-5-25T18:52:0.146 22.54 25.03 787.11 25.37 0.11 0.08 0.98 -17.09 10.28 -16.72 0.90 2.53 -0.24
2014-5-25T18:52:0.250 22.54 25.03 787.11 25.37 0.11 0.08 0.98 -17.09 10.28 -16.72 1.11 2.59 -0.31
2014-5-25T18:52:0.354 22.58 25.06 787.11 25.37 0.11 0.08 0.98 -17.09 10.28 -16.72 1.11 2.59 -0.31
2014-5-25T18:52:0.458 22.58 25.06 787.11 25.37 0.11 0.09 0.98 -17.09 10.28 -16.72 1.11 2.59 -0.31
2014-5-25T18:52:0.562 22.58 25.06 787.11 25.37 0.11 0.09 0.98 -17.09 10.28 -16.72 1.11 2.59 -0.31
2014-5-25T18:52:0.665 22.58 25.06 787.11 25.37 0.11 0.09 0.98 -17.09 10.28 -16.72 1.11 2.59 -0.31
2014-5-25T18:52:0.767 22.58 25.06 787.11 25.37 0.11 0.09 0.98 -17.09 10.28 -16.72 1.11 2.59 -0.31
2014-5-25T18:52:0.871 22.58 25.06 787.13 25.37 0.11 0.09 0.98 -17.09 10.28 -16.72 1.11 2.59 -0.31
2014-5-25T18:52:0.974 22.58 25.06 787.13 25.37 0.11 0.09 0.98 -17.09 10.28 -16.72 1.11 2.59 -0.31
2014-5-25T18:52:1.077 22.58 25.06 787.13 25.37 0.11 0.09 0.98 -17.09 10.28 -16.72 0.94 2.54 -0.03
2014-5-25T18:52:1.180 22.58 25.06 787.13 25.37 0.11 0.09 0.98 -17.09 10.28 -16.72 0.94 2.54 -0.03
2014-5-25T18:52:1.284 22.71 25.03 787.13 25.37 0.11 0.09 0.98 -17.09 10.28 -16.72 0.94 2.54 -0.03
2014-5-25T18:52:1.386 22.71 25.03 787.13 25.37 0.11 0.08 1.02 -17.09 10.28 -16.72 0.94 2.54 -0.03
2014-5-25T18:52:1.490 22.71 25.03 787.13 25.37 0.11 0.08 1.02 -17.09 10.28 -16.72 0.94 2.54 -0.03
2014-5-25T18:52:1.592 22.71 25.03 787.13 25.37 0.11 0.08 1.02 -17.09 10.28 -16.72 0.94 2.54 -0.03
2014-5-25T18:52:1.696 22.71 25.03 787.13 25.37 0.11 0.08 1.02 -17.09 10.28 -16.72 0.94 2.54 -0.03
2014-5-25T18:52:1.798 22.71 25.03 787.13 25.37 0.11 0.08 1.02 -17.03 10.35 -15.90 0.94 2.54 -0.03
2014-5-25T18:52:1.901 22.71 25.03 787.13 25.37 0.11 0.08 1.02 -17.03 10.35 -15.90 0.94 2.54 -0.03
2014-5-25T18:52:2.005 22.71 25.03 801.51 25.37 0.11 0.08 1.02 -17.03 10.35 -15.90 0.94 2.54 -0.03
2014-5-25T18:52:2.107 22.71 25.03 801.51 25.37 0.11 0.08 1.02 -17.03 10.35 -15.90 1.08 2.56 -0.07
2014-5-25T18:52:2.212 22.71 25.03 801.51 25.37 0.11 0.08 1.02 -17.03 10.35 -15.90 1.08 2.56 -0.07
2014-5-25T18:52:2.314 22.84 25.06 801.51 25.37 0.11 0.08 1.02 -17.03 10.35 -15.90 1.08 2.56 -0.07
2014-5-25T18:52:2.418 22.84 25.06 801.51 25.37 0.13 0.06 1.00 -17.03 10.35 -15.90 1.08 2.56 -0.07
2014-5-25T18:52:2.521 22.84 25.06 801.51 25.37 0.13 0.06 1.00 -17.03 10.35 -15.90 1.08 2.56 -0.07
2014-5-25T18:52:2.624 22.84 25.06 801.51 25.37 0.13 0.06 1.00 -17.03 10.35 -15.90 1.08 2.56 -0.07
2014-5-25T18:52:2.728 22.84 25.06 801.51 25.37 0.13 0.06 1.00 -17.03 10.35 -15.90 1.08 2.56 -0.07
2014-5-25T18:52:2.830 22.84 25.06 801.51 25.37 0.13 0.06 1.00 -17.03 10.35 -15.90 1.08 2.56 -0.07
2014-5-25T18:52:2.934 22.84 25.06 801.51 25.37 0.13 0.06 1.00 -17.03 10.35 -15.90 1.08 2.56 -0.07
2014-5-25T18:52:3.035 22.84 25.06 801.51 25.37 0.13 0.06 1.00 -17.03 10.35 -15.90 1.25 2.54 -0.11
2014-5-25T18:52:3.138 22.46 25.06 801.51 25.37 0.13 0.06 1.00 -17.03 10.35 -15.90 1.25 2.54 -0.11
2014-5-25T18:52:3.240 22.46 25.06 801.51 25.37 0.13 0.06 1.00 -17.03 10.35 -15.90 1.25 2.54 -0.11
2014-5-25T18:52:3.343 22.46 25.06 801.51 25.37 0.13 0.08 1.00 -17.03 10.35 -15.90 1.25 2.54 -0.11
2014-5-25T18:52:3.448 22.46 25.06 801.51 25.37 0.13 0.08 1.00 -17.03 10.35 -15.90 1.25 2.54 -0.11
2014-5-25T18:52:3.552 22.46 25.06 801.51 25.37 0.13 0.08 1.00 -17.03 10.35 -15.90 1.25 2.54 -0.11
2014-5-25T18:52:3.653 22.46 25.06 801.51 25.37 0.13 0.08 1.00 -17.03 10.35 -15.90 1.25 2.54 -0.11
2014-5-25T18:52:3.756 22.46 25.06 801.51 25.37 0.13 0.08 1.00 -17.09 10.22 -16.24 1.25 2.54 -0.11
2014-5-25T18:52:3.857 22.46 25.06 801.51 25.37 0.13 0.08 1.00 -17.09 10.22 -16.24 1.25 2.54 -0.11
