# date irTemp ambientTemp pressure humidity acceleration(x y z) magnetometer(x y z) gyroscope(x y z)
2014-5-23T18:21:6.973 0 0 0 0 0 0 0 0 0 0 0 0 0
2014-5-23T18:21:7.075 31.28 27.75 0 0 0 0 0 0 0 0 0 0 0
2014-5-23T18:21:7.177 31.28 27.75 0 0 0 0 0 0 0 0 0 0 0
2014-5-23T18:21:7.280 31.28 27.75 0 0 -0.03 -1.00 0.06 0 0 0 0 0 0
2014-5-23T18:21:7.382 31.28 27.75 0 28.41 -0.03 -1.00 0.06 0 0 0 0 0 0
2014-5-23T18:21:7.484 31.28 27.75 0 28.41 -0.03 -1.00 0.06 0 0 0 0 0 0
2014-5-23T18:21:7.586 31.28 27.75 0 28.41 -0.03 -1.00 0.06 0 0 0 0 0 0
2014-5-23T18:21:7.690 31.28 27.75 0 28.41 -0.03 -1.00 0.06 1.77 -0.31 -10.19 0 0 0
2014-5-23T18:21:7.791 31.28 27.75 0 28.41 -0.03 -1.00 0.06 1.77 -0.31 -10.19 0 0 0
2014-5-23T18:21:7.893 31.28 27.75 0 28.41 -0.03 -1.00 0.06 1.77 -0.31 -10.19 0 0 0
2014-5-23T18:21:7.995 31.28 27.75 0 28.41 -0.03 -1.00 0.06 1.77 -0.31 -10.19 0 0 0
2014-5-23T18:21:8.097 31.28 27.75 1159.82 28.41 -0.03 -1.00 0.06 1.77 -0.31 -10.19 0 0 0
2014-5-23T18:21:8.199 31.28 27.75 1159.82 28.41 -0.03 -1.00 0.06 1.77 -0.31 -10.19 0 0 0
2014-5-23T18:21:8.300 31.28 27.75 1159.82 28.41 -0.03 -1.00 0.06 1.77 -0.31 -10.19 0 0 0
2014-5-23T18:21:8.403 31.28 27.75 1159.82 28.41 -0.03 -1.00 0.06 1.77 -0.31 -10.19 0 0 0
2014-5-23T18:21:8.507 31.28 27.75 1159.82 28.41 -0.03 -1.00 0.06 1.77 -0.31 -10.19 2.08 1.68 0.00
2014-5-23T18:21:8.608 31.28 27.75 1159.82 28.41 -0.03 -1.00 0.06 1.77 -0.31 -10.19 2.08 1.68 0.00
2014-5-23T18:21:8.712 31.28 27.75 1159.82 28.41 -0.03 -1.00 0.06 1.77 -0.31 -10.19 2.08 1.68 0.00
2014-5-23T18:21:8.813 31.28 27.75 1159.82 28.41 -0.03 -1.00 0.06 1.77 -0.31 -10.19 2.08 1.68 0.00
2014-5-23T18:21:8.916 28.78 27.78 1159.82 28.41 -0.03 -1.00 0.06 1.77 -0.31 -10.19 2.08 1.68 0.00
2014-5-23T18:21:9.017 28.78 27.78 1159.82 28.41 -0.03 -1.00 0.06 1.77 -0.31 -10.19 2.08 1.68 0.00
2014-5-23T18:21:9.120 28.78 27.78 1159.82 28.41 -0.03 -1.00 0.06 1.77 -0.31 -10.19 2.08 1.68 0.00
2014-5-23T18:21:9.222 28.78 27.78 1159.82 28.41 -0.03 -1.00 0.06 1.77 -0.31 -10.19 2.08 1.68 0.00
2014-5-23T18:21:9.325 28.78 27.78 1159.82 28.41 -0.03 -1.02 0.06 1.77 -0.31 -10.19 2.08 1.68 0.00
2014-5-23T18:21:9.427 28.78 27.78 1159.82 28.41 -0.03 -1.02 0.06 1.77 -0.31 -10.19 2.08 1.68 0.00
2014-5-23T18:21:9.530 28.78 27.78 1159.82 28.41 -0.03 -1.02 0.06 1.77 -0.31 -10.19 2.08 1.68 0.00
2014-5-23T18:21:9.631 28.78 27.78 1159.82 28.41 -0.03 -1.02 0.06 1.77 -0.31 -10.19 2.08 1.68 0.00
2014-5-23T18:21:9.733 28.78 27.78 1159.82 28.41 -0.03 -1.02 0.06 1.77 -0.31 -10.19 2.08 1.68 0.00
2014-5-23T18:21:9.836 28.78 27.78 1159.82 28.41 -0.03 -1.02 0.06 1.77 -0.31 -10.19 2.08 1.68 0.00
2014-5-23T18:21:9.937 28.78 27.78 1159.82 28.41 -0.03 -1.02 0.06 1.77 -0.31 -10.19 2.08 1.68 0.00
2014-5-23T18:21:10.040 28.78 27.78 1159.82 28.41 -0.03 -1.02 0.06 1.74 -0.15 -10.38 2.08 1.68 0.00
2014-5-23T18:21:10.140 28.78 27.78 1159.82 28.41 -0.03 -1.02 0.06 1.74 -0.15 -10.38 2.08 1.68 0.00
2014-5-23T18:21:10.242 28.78 27.78 1159.82 28.41 -0.03 -1.02 0.06 1.74 -0.15 -10.38 2.08 1.68 0.00
2014-5-23T18:21:10.345 28.78 27.78 1159.82 28.41 -0.03 -1.02 0.06 1.74 -0.15 -10.38 2.08 1.68 0.00
2014-5-23T18:21:10.446 28.78 27.78 1181.48 28.41 -0.03 -1.02 0.06 1.74 -0.15 -10.38 2.08 1.68 0.00
2014-5-23T18:21:10.547 28.78 27.78 1181.48 28.41 -0.03 -1.02 0.06 1.74 -0.15 -10.38 2.08 1.68 0.00
2014-5-23T18:21:10.650 28.78 27.78 1181.48 28.41 -0.03 -1.02 0.06 1.74 -0.15 -10.38 2.08 1.68 0.00
2014-5-23T18:21:10.752 28.78 27.78 1181.48 28.41 -0.03 -1.02 0.06 1.74 -0.15 -10.38 2.08 1.68 0.00
2014-5-23T18:21:10.856 28.78 27.78 1181.48 28.41 -0.03 -1.02 0.06 1.74 -0.15 -10.38 1.94 2.43 -0.37
2014-5-23T18:21:10.958 28.78 27.78 1181.48 28.41 -0.03 -1.02 0.06 1.74 -0.15 -10.38 1.94 2.43 -0.37
2014-5-23T18:21:11.059 28.78 27.78 1181.48 28.41 -0.03 -1.02 0.06 1.74 -0.15 -10.38 1.94 2.43 -0.37
2014-5-23T18:21:11.162 28.78 27.78 1181.48 28.41 -0.03 -1.02 0.06 1.74 -0.15 -10.38 1.94 2.43 -0.37
2014-5-23T18:21:11.264 30.21 27.78 1181.48 28.41 -0.03 -1.02 0.06 1.74 -0.15 -10.38 1.94 2.43 -0.37
2014-5-23T18:21:11.367 30.21 27.78 1181.48 28.41 -0.03 -1.02 0.06 1.74 -0.15 -10.38 1.94 2.43 -0.37
2014-5-23T18:21:11.470 30.21 27.78 1181.48 28.41 -0.03 -1.02 0.06 1.74 -0.15 -10.38 1.94 2.43 -0.37
2014-5-23T18:21:11.572 30.21 27.78 1181.48 28.41 -0.03 -1.02 0.06 1.74 -0.15 -10.38 1.94 2.43 -0.37
2014-5-23T18:21:11.674 30.21 27.78 1181.48 28.41 -0.03 -1.02 0.06 1.74 -0.15 -10.38 1.94 2.43 -0.37
2014-5-23T18:21:11.775 30.21 27.78 1181.48 28.41 -0.03 -1.02 0.06 1.74 -0.15 -10.38 1.94 2.43 -0.37
2014-5-23T18:21:11.877 30.21 27.78 1181.48 28.41 -0.03 -1.02 0.06 1.74 -0.15 -10.38 1.94 2.43 -0.37
2014-5-23T18:21:11.978 30.21 27.78 1181.48 28.41 -0.03 -1.02 0.06 1.74 -0.15 -10.38 1.94 2.43 -0.37
2014-5-23T18:21:12.080 30.21 27.78 1181.48 28.41 -0.03 -1.02 0.06 1.74 -0.15 -10.38 1.94 2.43 -0.37
2014-5-23T18:21:12.182 30.21 27.78 1181.48 28.41 -0.03 -1.02 0.06 1.74 -0.15 -10.38 1.94 2.43 -0.37
2014-5-23T18:21:12.284 30.21 27.78 1181.48 28.41 -0.03 -1.02 0.06 1.74 -0.15 -10.38 1.94 2.43 -0.37
2014-5-23T18:21:12.388 30.21 27.78 1181.48 28.41 -0.03 -1.02 0.06 1.74 -0.15 -10.38 1.94 2.43 -0.37
2014-5-23T18:21:12.492 30.21 27.78 1181.48 28.41 -0.03 -1.02 0.06 1.68 -0.37 -9.95 1.94 2.43 -0.37
2014-5-23T18:21:12.593 30.21 27.78 1181.48 28.41 -0.03 -1.02 0.06 1.68 -0.37 -9.95 1.94 2.43 -0.37
2014-5-23T18:21:12.696 30.21 27.78 1181.48 28.41 -0.03 -1.02 0.06 1.68 -0.37 -9.95 1.94 2.43 -0.37
2014-5-23T18:21:12.800 30.21 27.78 1181.48 28.41 -0.03 -1.02 0.06 1.68 -0.37 -9.95 1.94 2.43 -0.37
2014-5-23T18:21:12.902 30.21 27.78 1174.24 28.41 -0.03 -1.02 0.06 1.68 -0.37 -9.95 1.94 2.43 -0.37
2014-5-23T18:21:13.005 30.21 27.78 1174.24 28.41 -0.03 -1.02 0.06 1.68 -0.37 -9.95 1.94 2.43 -0.37
2014-5-23T18:21:13.106 30.21 27.78 1174.24 28.41 -0.03 -1.02 0.06 1.68 -0.37 -9.95 1.94 2.43 -0.37
2014-5-23T18:21:13.209 30.21 27.78 1174.24 28.41 -0.03 -1.02 0.06 1.68 -0.37 -9.95 2.25 1.79 -0.17
2014-5-23T18:21:13.312 30.21 27.78 1174.24 28.41 -0.03 -1.02 0.06 1.68 -0.37 -9.95 2.25 1.79 -0.17
2014-5-23T18:21:13.413 30.21 27.78 1174.24 28.41 -0.03 -1.02 0.06 1.68 -0.37 -9.95 2.25 1.79 -0.17
2014-5-23T18:21:13.516 30.21 27.78 1174.24 28.41 -0.03 -1.02 0.06 1.68 -0.37 -9.95 2.25 1.79 -0.17
2014-5-23T18:21:13.617 36.52 27.78 1174.24 28.41 -0.03 -1.02 0.06 1.68 -0.37 -9.95 2.25 1.79 -0.17
2014-5-23T18:21:13.718 36.52 27.78 1174.24 28.41 -0.03 -1.02 0.06 1.68 -0.37 -9.95 2.25 1.79 -0.17
2014-5-23T18:21:13.819 36.52 27.78 1174.24 28.41 -0.03 -1.02 0.06 1.68 -0.37 -9.95 2.25 1.79 -0.17
2014-5-23T18:21:13.920 36.52 27.78 1174.24 28.41 -0.03 -1.02 0.06 1.68 -0.37 -9.95 2.25 1.79 -0.17
2014-5-23T18:21:14.021 36.52 27.78 1174.24 28.41 -0.03 -1.02 0.05 1.68 -0.37 -9.95 2.25 1.79 -0.17
2014-5-23T18:21:14.122 36.52 27.78 1174.24 28.41 -0.03 -1.02 0.05 1.68 -0.37 -9.95 2.25 1.79 -0.17
2014-5-23T18:21:14.223 36.52 27.78 1174.24 28.41 -0.03 -1.02 0.05 1.68 -0.37 -9.95 2.25 1.79 -0.17
2014-5-23T18:21:14.326 36.52 27.78 1174.24 28.41 -0.03 -1.02 0.05 1.68 -0.37 -9.95 2.25 1.79 -0.17
2014-5-23T18:21:14.427 36.52 27.78 1174.24 28.41 -0.03 -1.02 0.05 1.68 -0.37 -9.95 2.25 1.79 -0.17
2014-5-23T18:21:14.530 36.52 27.78 1174.24 28.41 -0.03 -1.02 0.05 1.68 -0.37 -9.95 2.25 1.79 -0.17
2014-5-23T18:21:14.631 36.52 27.78 1174.24 28.41 -0.03 -1.02 0.05 1.68 -0.37 -9.95 2.25 1.79 -0.17
2014-5-23T18:21:14.733 36.52 27.78 1174.24 28.41 -0.03 -1.02 0.05 1.68 -0.37 -9.95 2.25 1.79 -0.17
2014-5-23T18:21:14.836 36.52 27.78 1174.24 28.41 -0.03 -1.02 0.05 1.59 -0.24 -9.86 2.25 1.79 -0.17
2014-5-23T18:21:14.937 36.52 27.78 1174.24 28.41 -0.03 -1.02 0.05 1.59 -0.24 -9.86 2.25 1.79 -0.17
2014-5-23T18:21:15.040 36.52 27.78 1174.24 28.41 -0.03 -1.02 0.05 1.59 -0.24 -9.86 2.25 1.79 -0.17
2014-5-23T18:21:15.141 36.52 27.78 1174.24 28.41 -0.03 -1.02 0.05 1.59 -0.24 -9.86 2.25 1.79 -0.17
2014-5-23T18:21:15.244 36.52 27.78 1174.28 28.41 -0.03 -1.02 0.05 1.59 -0.24 -9.86 2.25 1.79 -0.17
2014-5-23T18:21:15.346 36.52 27.78 1174.28 28.41 -0.03 -1.02 0.05 1.59 -0.24 -9.86 2.25 1.79 -0.17
2014-5-23T18:21:15.447 36.52 27.78 1174.28 28.41 -0.03 -1.02 0.05 1.59 -0.24 -9.86 2.25 1.79 -0.17
2014-5-23T18:21:15.548 36.52 27.78 1174.28 28.41 -0.03 -1.02 0.05 1.59 -0.24 -9.86 2.25 1.79 -0.17
2014-5-23T18:21:15.651 36.52 27.78 1174.28 28.41 -0.03 -1.02 0.05 1.59 -0.24 -9.86 2.14 2.05 -0.20
2014-5-23T18:21:15.752 36.52 27.78 1174.28 28.41 -0.03 -1.02 0.05 1.59 -0.24 -9.86 2.14 2.05 -0.20
2014-5-23T18:21:15.855 36.52 27.78 1174.28 28.41 -0.03 -1.02 0.05 1.59 -0.24 -9.86 2.14 2.05 -0.20
2014-5-23T18:21:15.956 36.52 27.78 1174.28 28.41 -0.03 -1.02 0.05 1.59 -0.24 -9.86 2.14 2.05 -0.20
2014-5-23T18:21:16.058 31.59 27.78 1174.28 28.41 -0.03 -1.02 0.05 1.59 -0.24 -9.86 2.14 2.05 -0.20
2014-5-23T18:21:16.161 31.59 27.78 1174.28 28.41 -0.03 -1.02 0.05 1.59 -0.24 -9.86 2.14 2.05 -0.20
2014-5-23T18:21:16.262 31.59 27.78 1174.28 28.41 -0.03 -1.02 0.05 1.59 -0.24 -9.86 2.14 2.05 -0.20
2014-5-23T18:21:16.365 31.59 27.78 1174.28 28.41 -0.03 -1.02 0.05 1.59 -0.24 -9.86 2.14 2.05 -0.20
2014-5-23T18:21:16.466 31.59 27.78 1174.28 28.41 -0.03 -1.03 0.06 1.59 -0.24 -9.86 2.14 2.05 -0.20
2014-5-23T18:21:16.569 31.59 27.78 1174.28 28.41 -0.03 -1.03 0.06 1.59 -0.24 -9.86 2.14 2.05 -0.20
2014-5-23T18:21:16.670 31.59 27.78 1174.28 28.41 -0.03 -1.03 0.06 1.59 -0.24 -9.86 2.14 2.05 -0.20
2014-5-23T18:21:16.772 31.59 27.78 1174.28 28.41 -0.03 -1.03 0.06 1.59 -0.24 -9.86 2.14 2.05 -0.20
2014-5-23T18:21:16.876 31.59 27.78 1174.28 28.41 -0.03 -1.03 0.06 1.59 -0.24 -9.86 2.14 2.05 -0.20
2014-5-23T18:21:16.977 31.59 27.78 1174.28 28.41 -0.03 -1.03 0.06 1.59 -0.24 -9.86 2.14 2.05 -0.20
2014-5-23T18:21:17.078 31.59 27.78 1174.28 28.41 -0.03 -1.03 0.06 1.59 -0.24 -9.86 2.14 2.05 -0.20
2014-5-23T18:21:17.180 31.59 27.78 1174.28 28.41 -0.03 -1.03 0.06 1.68 -0.31 -10.74 2.14 2.05 -0.20
2014-5-23T18:21:17.282 31.59 27.78 1174.28 28.41 -0.03 -1.03 0.06 1.68 -0.31 -10.74 2.14 2.05 -0.20
2014-5-23T18:21:17.384 31.59 27.78 1174.28 28.41 -0.03 -1.03 0.06 1.68 -0.31 -10.74 2.14 2.05 -0.20
2014-5-23T18:21:17.486 31.59 27.78 1174.28 28.41 -0.03 -1.03 0.06 1.68 -0.31 -10.74 2.14 2.05 -0.20
2014-5-23T18:21:17.588 31.59 27.78 1159.83 28.41 -0.03 -1.03 0.06 1.68 -0.31 -10.74 2.14 2.05 -0.20
2014-5-23T18:21:17.690 31.59 27.78 1159.83 28.41 -0.03 -1.03 0.06 1.68 -0.31 -10.74 2.14 2.05 -0.20
2014-5-23T18:21:17.793 31.59 27.78 1159.83 28.41 -0.03 -1.03 0.06 1.68 -0.31 -10.74 2.14 2.05 -0.20
2014-5-23T18:21:17.894 31.59 27.78 1159.83 28.41 -0.03 -1.03 0.06 1.68 -0.31 -10.74 2.14 2.05 -0.20
2014-5-23T18:21:17.997 31.59 27.78 1159.83 28.41 -0.03 -1.03 0.06 1.68 -0.31 -10.74 2.14 2.14 -0.04
2014-5-23T18:21:18.098 31.59 27.78 1159.83 28.41 -0.03 -1.03 0.06 1.68 -0.31 -10.74 2.14 2.14 -0.04
2014-5-23T18:21:18.201 31.59 27.78 1159.83 28.41 -0.03 -1.03 0.06 1.68 -0.31 -10.74 2.14 2.14 -0.04
2014-5-23T18:21:18.302 31.59 27.78 1159.83 28.41 -0.03 -1.03 0.06 1.68 -0.31 -10.74 2.14 2.14 -0.04
2014-5-23T18:21:18.405 31.78 27.78 1159.83 28.41 -0.03 -1.03 0.06 1.68 -0.31 -10.74 2.14 2.14 -0.04
2014-5-23T18:21:18.509 31.78 27.78 1159.83 28.41 -0.03 -1.03 0.06 1.68 -0.31 -10.74 2.14 2.14 -0.04
2014-5-23T18:21:18.612 31.78 27.78 1159.83 28.41 -0.03 -1.03 0.06 1.68 -0.31 -10.74 2.14 2.14 -0.04
2014-5-23T18:21:18.713 31.78 27.78 1159.83 28.41 -0.03 -1.03 0.06 1.68 -0.31 -10.74 2.14 2.14 -0.04
2014-5-23T18:21:18.815 31.78 27.78 1159.83 28.41 -0.02 -0.97 0.08 1.68 -0.31 -10.74 2.14 2.14 -0.04
2014-5-23T18:21:18.918 31.78 27.78 1159.83 28.41 -0.02 -0.97 0.08 1.68 -0.31 -10.74 2.14 2.14 -0.04
2014-5-23T18:21:19.021 31.78 27.78 1159.83 28.41 -0.02 -0.97 0.08 1.68 -0.31 -10.74 2.14 2.14 -0.04
2014-5-23T18:21:19.130 31.78 27.78 1159.83 28.41 -0.02 -0.97 0.08 1.68 -0.31 -10.74 2.14 2.14 -0.04
2014-5-23T18:21:19.233 31.78 27.78 1159.83 28.41 -0.02 -0.97 0.08 1.68 -0.31 -10.74 2.14 2.14 -0.04
2014-5-23T18:21:19.335 31.78 27.78 1159.83 28.41 -0.02 -0.97 0.08 1.68 -0.31 -10.74 2.14 2.14 -0.04
2014-5-23T18:21:19.437 31.78 27.78 1159.83 28.41 -0.02 -0.97 0.08 1.68 -0.31 -10.74 2.14 2.14 -0.04
2014-5-23T18:21:19.538 31.78 27.78 1159.83 28.41 -0.02 -0.97 0.08 1.68 -0.31 -10.74 2.14 2.14 -0.04
2014-5-23T18:21:19.641 31.78 27.78 1159.83 28.41 -0.02 -0.97 0.08 1.65 -0.15 -10.16 2.14 2.14 -0.04
2014-5-23T18:21:19.741 31.78 27.78 1159.83 28.41 -0.02 -0.97 0.08 1.65 -0.15 -10.16 2.14 2.14 -0.04
2014-5-23T18:21:19.844 31.78 27.78 1159.83 28.41 -0.02 -0.97 0.08 1.65 -0.15 -10.16 2.14 2.14 -0.04
2014-5-23T18:21:19.946 31.78 27.78 1159.83 28.41 -0.02 -0.97 0.08 1.65 -0.15 -10.16 2.14 2.14 -0.04
2014-5-23T18:21:20.051 31.78 27.78 1181.50 28.41 -0.02 -0.97 0.08 1.65 -0.15 -10.16 2.14 2.14 -0.04
2014-5-23T18:21:20.153 31.78 27.78 1181.50 28.41 -0.02 -0.97 0.08 1.65 -0.15 -10.16 2.14 2.14 -0.04
2014-5-23T18:21:20.256 31.78 27.78 1181.50 28.41 -0.02 -0.97 0.08 1.65 -0.15 -10.16 2.14 2.14 -0.04
2014-5-23T18:21:20.363 31.78 27.78 1181.50 28.41 -0.02 -0.97 0.08 1.65 -0.15 -10.16 2.13 2.07 -0.11
2014-5-23T18:21:20.467 31.78 27.78 1181.50 28.41 -0.02 -0.97 0.08 1.65 -0.15 -10.16 2.13 2.07 -0.11
2014-5-23T18:21:20.570 31.78 27.78 1181.50 28.41 -0.02 -0.97 0.08 1.65 -0.15 -10.16 2.13 2.07 -0.11
2014-5-23T18:21:20.671 31.78 27.78 1181.50 28.41 -0.02 -0.97 0.08 1.65 -0.15 -10.16 2.13 2.07 -0.11
2014-5-23T18:21:20.771 30.16 27.78 1181.50 28.41 -0.02 -0.97 0.08 1.65 -0.15 -10.16 2.13 2.07 -0.11
2014-5-23T18:21:20.872 30.16 27.78 1181.50 28.41 -0.02 -0.97 0.08 1.65 -0.15 -10.16 2.13 2.07 -0.11
2014-5-23T18:21:20.974 30.16 27.78 1181.50 28.41 -0.02 -0.97 0.08 1.65 -0.15 -10.16 2.13 2.07 -0.11
2014-5-23T18:21:21.076 30.16 27.78 1181.50 28.41 -0.02 -0.97 0.08 1.65 -0.15 -10.16 2.13 2.07 -0.11
2014-5-23T18:21:21.179 30.16 27.78 1181.50 28.41 -0.03 -1.00 0.08 1.65 -0.15 -10.16 2.13 2.07 -0.11
2014-5-23T18:21:21.280 30.16 27.78 1181.50 28.41 -0.03 -1.00 0.08 1.65 -0.15 -10.16 2.13 2.07 -0.11
2014-5-23T18:21:21.381 30.16 27.78 1181.50 28.41 -0.03 -1.00 0.08 1.65 -0.15 -10.16 2.13 2.07 -0.11
2014-5-23T18:21:21.483 30.16 27.78 1181.50 28.41 -0.03 -1.00 0.08 1.65 -0.15 -10.16 2.13 2.07 -0.11
2014-5-23T18:21:21.586 30.16 27.78 1181.50 28.41 -0.03 -1.00 0.08 1.65 -0.15 -10.16 2.13 2.07 -0.11
2014-5-23T18:21:21.687 30.16 27.78 1181.50 28.41 -0.03 -1.00 0.08 1.65 -0.15 -10.16 2.13 2.07 -0.11
2014-5-23T18:21:21.789 30.16 27.78 1181.50 28.41 -0.03 -1.00 0.08 1.65 -0.15 -10.16 2.13 2.07 -0.11
2014-5-23T18:21:21.891 30.16 27.78 1181.50 28.41 -0.03 -1.00 0.08 1.65 -0.15 -10.16 2.13 2.07 -0.11
2014-5-23T18:21:21.994 30.16 27.78 1181.50 28.41 -0.03 -1.00 0.08 1.62 -0.24 -10.83 2.13 2.07 -0.11
2014-5-23T18:21:22.095 30.16 27.78 1181.50 28.41 -0.03 -1.00 0.08 1.62 -0.24 -10.83 2.13 2.07 -0.11
2014-5-23T18:21:22.198 30.16 27.78 1181.50 28.41 -0.03 -1.00 0.08 1.62 -0.24 -10.83 2.13 2.07 -0.11
2014-5-23T18:21:22.299 30.16 27.78 1181.50 28.41 -0.03 -1.00 0.08 1.62 -0.24 -10.83 2.13 2.07 -0.11
2014-5-23T18:21:22.402 30.16 27.78 1152.61 28.41 -0.03 -1.00 0.08 1.62 -0.24 -10.83 2.13 2.07 -0.11
2014-5-23T18:21:22.503 30.16 27.78 1152.61 28.41 -0.03 -1.00 0.08 1.62 -0.24 -10.83 2.13 2.07 -0.11
2014-5-23T18:21:22.606 30.16 27.78 1152.61 28.41 -0.03 -1.00 0.08 1.62 -0.24 -10.83 2.13 2.07 -0.11
2014-5-23T18:21:22.708 30.16 27.78 1152.61 28.41 -0.03 -1.00 0.08 1.62 -0.24 -10.83 2.13 2.07 -0.11
2014-5-23T18:21:22.810 30.16 27.78 1152.61 28.41 -0.03 -1.00 0.08 1.62 -0.24 -10.83 2.05 1.73 -0.02
2014-5-23T18:21:22.912 30.16 27.78 1152.61 28.41 -0.03 -1.00 0.08 1.62 -0.24 -10.83 2.05 1.73 -0.02
2014-5-23T18:21:23.015 30.16 27.78 1152.61 28.41 -0.03 -1.00 0.08 1.62 -0.24 -10.83 2.05 1.73 -0.02
2014-5-23T18:21:23.116 30.16 27.78 1152.61 28.41 -0.03 -1.00 0.08 1.62 -0.24 -10.83 2.05 1.73 -0.02
2014-5-23T18:21:23.217 31.49 27.81 1152.61 28.41 -0.03 -1.00 0.08 1.62 -0.24 -10.83 2.05 1.73 -0.02
2014-5-23T18:21:23.318 31.49 27.81 1152.61 28.41 -0.03 -1.00 0.08 1.62 -0.24 -10.83 2.05 1.73 -0.02
2014-5-23T18:21:23.419 31.49 27.81 1152.61 28.41 -0.03 -1.00 0.08 1.62 -0.24 -10.83 2.05 1.73 -0.02
2014-5-23T18:21:23.519 31.49 27.81 1152.61 28.41 -0.03 -1.00 0.08 1.62 -0.24 -10.83 2.05 1.73 -0.02
2014-5-23T18:21:23.621 31.49 27.81 1152.61 28.41 -0.03 -1.03 0.06 1.62 -0.24 -10.83 2.05 1.73 -0.02
2014-5-23T18:21:23.724 31.49 27.81 1152.61 28.41 -0.03 -1.03 0.06 1.62 -0.24 -10.83 2.05 1.73 -0.02
2014-5-23T18:21:23.826 31.49 27.81 1152.61 28.41 -0.03 -1.03 0.06 1.62 -0.24 -10.83 2.05 1.73 -0.02
2014-5-23T18:21:23.927 31.49 27.81 1152.61 28.41 -0.03 -1.03 0.06 1.62 -0.24 -10.83 2.05 1.73 -0.02
2014-5-23T18:21:24.029 31.49 27.81 1152.61 28.41 -0.03 -1.03 0.06 1.62 -0.24 -10.83 2.05 1.73 -0.02
2014-5-23T18:21:24.132 31.49 27.81 1152.61 28.41 -0.03 -1.03 0.06 1.62 -0.24 -10.83 2.05 1.73 -0.02
2014-5-23T18:21:24.232 31.49 27.81 1152.61 28.41 -0.03 -1.03 0.06 1.62 -0.24 -10.83 2.05 1.73 -0.02
2014-5-23T18:21:24.334 31.49 27.81 1152.61 28.41 -0.03 -1.03 0.06 1.62 -0.24 -10.38 2.05 1.73 -0.02
2014-5-23T18:21:24.436 31.49 27.81 1152.61 28.41 -0.03 -1.03 0.06 1.62 -0.24 -10.38 2.05 1.73 -0.02
2014-5-23T18:21:24.539 31.49 27.81 1152.61 28.41 -0.03 -1.03 0.06 1.62 -0.24 -10.38 2.05 1.73 -0.02
2014-5-23T18:21:24.642 31.49 27.81 1152.61 28.41 -0.03 -1.03 0.06 1.62 -0.24 -10.38 2.05 1.73 -0.02
2014-5-23T18:21:24.744 31.49 27.81 1167.03 28.41 -0.03 -1.03 0.06 1.62 -0.24 -10.38 2.05 1.73 -0.02
2014-5-23T18:21:24.846 31.49 27.81 1167.03 28.41 -0.03 -1.03 0.06 1.62 -0.24 -10.38 2.05 1.73 -0.02
2014-5-23T18:21:24.948 31.49 27.81 1167.03 28.41 -0.03 -1.03 0.06 1.62 -0.24 -10.38 2.05 1.73 -0.02
2014-5-23T18:21:25.051 31.49 27.81 1167.03 28.41 -0.03 -1.03 0.06 1.62 -0.24 -10.38 2.05 1.73 -0.02
2014-5-23T18:21:25.153 31.49 27.81 1167.03 28.41 -0.03 -1.03 0.06 1.62 -0.24 -10.38 2.14 2.18 -0.14
2014-5-23T18:21:25.255 31.49 27.81 1167.03 28.41 -0.03 -1.03 0.06 1.62 -0.24 -10.38 2.14 2.18 -0.14
2014-5-23T18:21:25.357 31.49 27.81 1167.03 28.41 -0.03 -1.03 0.06 1.62 -0.24 -10.38 2.14 2.18 -0.14
2014-5-23T18:21:25.459 31.49 27.81 1167.03 28.41 -0.03 -1.03 0.06 1.62 -0.24 -10.38 2.14 2.18 -0.14
2014-5-23T18:21:25.561 31.92 27.81 1167.03 28.41 -0.03 -1.03 0.06 1.62 -0.24 -10.38 2.14 2.18 -0.14
2014-5-23T18:21:25.662 31.92 27.81 1167.03 28.41 -0.03 -1.03 0.06 1.62 -0.24 -10.38 2.14 2.18 -0.14
2014-5-23T18:21:25.764 31.92 27.81 1167.03 28.41 -0.03 -1.03 0.06 1.62 -0.24 -10.38 2.14 2.18 -0.14
2014-5-23T18:21:25.867 31.92 27.81 1167.03 28.41 -0.03 -1.03 0.06 1.62 -0.24 -10.38 2.14 2.18 -0.14
2014-5-23T18:21:25.968 31.92 27.81 1167.03 28.41 -0.03 -1.02 0.06 1.62 -0.24 -10.38 2.14 2.18 -0.14
2014-5-23T18:21:26.071 31.92 27.81 1167.03 28.41 -0.03 -1.02 0.06 1.62 -0.24 -10.38 2.14 2.18 -0.14
2014-5-23T18:21:26.172 31.92 27.81 1167.03 28.41 -0.03 -1.02 0.06 1.62 -0.24 -10.38 2.14 2.18 -0.14
2014-5-23T18:21:26.275 31.92 27.81 1167.03 28.41 -0.03 -1.02 0.06 1.62 -0.24 -10.38 2.14 2.18 -0.14
2014-5-23T18:21:26.378 31.92 27.81 1167.03 28.41 -0.03 -1.02 0.06 1.62 -0.24 -10.38 2.14 2.18 -0.14
2014-5-23T18:21:26.479 31.92 27.81 1167.03 28.41 -0.03 -1.02 0.06 1.62 -0.24 -10.38 2.14 2.18 -0.14
2014-5-23T18:21:26.582 31.92 27.81 1167.03 28.41 -0.03 -1.02 0.06 1.62 -0.24 -10.38 2.14 2.18 -0.14
2014-5-23T18:21:26.684 31.92 27.81 1167.03 28.41 -0.03 -1.02 0.06 1.62 -0.24 -10.38 2.14 2.18 -0.14
2014-5-23T18:21:26.786 31.92 27.81 1167.03 28.41 -0.03 -1.02 0.06 1.71 -0.21 -10.53 2.14 2.18 -0.14
2014-5-23T18:21:26.889 31.92 27.81 1167.03 28.41 -0.03 -1.02 0.06 1.71 -0.21 -10.53 2.14 2.18 -0.14
2014-5-23T18:21:26.990 31.92 27.81 1167.03 28.41 -0.03 -1.02 0.06 1.71 -0.21 -10.53 2.14 2.18 -0.14
2014-5-23T18:21:27.091 31.92 27.81 1167.03 28.41 -0.03 -1.02 0.06 1.71 -0.21 -10.53 2.14 2.18 -0.14
2014-5-23T18:21:27.193 31.92 27.81 1159.87 28.41 -0.03 -1.02 0.06 1.71 -0.21 -10.53 2.14 2.18 -0.14
2014-5-23T18:21:27.296 31.92 27.81 1159.87 28.41 -0.03 -1.02 0.06 1.71 -0.21 -10.53 2.14 2.18 -0.14
2014-5-23T18:21:27.398 31.92 27.81 1159.87 28.41 -0.03 -1.02 0.06 1.71 -0.21 -10.53 2.14 2.18 -0.14
2014-5-23T18:21:27.500 31.92 27.81 1159.87 28.41 -0.03 -1.02 0.06 1.71 -0.21 -10.53 2.14 2.18 -0.14
2014-5-23T18:21:27.602 31.92 27.81 1159.87 28.41 -0.03 -1.02 0.06 1.71 -0.21 -10.53 2.15 2.30 -0.34
2014-5-23T18:21:27.704 31.92 27.81 1159.87 28.41 -0.03 -1.02 0.06 1.71 -0.21 -10.53 2.15 2.30 -0.34
2014-5-23T18:21:27.807 31.92 27.81 1159.87 28.41 -0.03 -1.02 0.06 1.71 -0.21 -10.53 2.15 2.30 -0.34
2014-5-23T18:21:27.908 30.09 27.81 1159.87 28.41 -0.03 -1.02 0.06 1.71 -0.21 -10.53 2.15 2.30 -0.34
2014-5-23T18:21:28.010 30.09 27.81 1159.87 28.41 -0.03 -1.02 0.06 1.71 -0.21 -10.53 2.15 2.30 -0.34
2014-5-23T18:21:28.111 30.09 27.81 1159.87 28.41 -0.03 -1.02 0.06 1.71 -0.21 -10.53 2.15 2.30 -0.34
2014-5-23T18:21:28.213 30.09 27.81 1159.87 28.41 -0.03 -1.02 0.06 1.71 -0.21 -10.53 2.15 2.30 -0.34
2014-5-23T18:21:28.315 30.09 27.81 1159.87 28.41 -0.03 -0.97 0.06 1.71 -0.21 -10.53 2.15 2.30 -0.34
2014-5-23T18:21:28.417 30.09 27.81 1159.87 28.41 -0.03 -0.97 0.06 1.71 -0.21 -10.53 2.15 2.30 -0.34
2014-5-23T18:21:28.520 30.09 27.81 1159.87 28.41 -0.03 -0.97 0.06 1.71 -0.21 -10.53 2.15 2.30 -0.34
2014-5-23T18:21:28.622 30.09 27.81 1159.87 28.41 -0.03 -0.97 0.06 1.71 -0.21 -10.53 2.15 2.30 -0.34
2014-5-23T18:21:28.724 30.09 27.81 1159.87 28.41 -0.03 -0.97 0.06 1.71 -0.21 -10.53 2.15 2.30 -0.34
2014-5-23T18:21:28.827 30.09 27.81 1159.87 28.41 -0.03 -0.97 0.06 1.71 -0.21 -10.53 2.15 2.30 -0.34
2014-5-23T18:21:28.929 30.09 27.81 1159.87 28.41 -0.03 -0.97 0.06 1.71 -0.21 -10.53 2.15 2.30 -0.34
2014-5-23T18:21:29.031 30.09 27.81 1159.87 28.41 -0.03 -0.97 0.06 1.71 -0.21 -10.53 2.15 2.30 -0.34
2014-5-23T18:21:29.133 30.09 27.81 1159.87 28.41 -0.03 -0.97 0.06 1.53 -0.31 -10.31 2.15 2.30 -0.34
2014-5-23T18:21:29.235 30.09 27.81 1159.87 28.41 -0.03 -0.97 0.06 1.53 -0.31 -10.31 2.15 2.30 -0.34
2014-5-23T18:21:29.337 30.09 27.81 1159.87 28.41 -0.03 -0.97 0.06 1.53 -0.31 -10.31 2.15 2.30 -0.34
2014-5-23T18:21:29.439 30.09 27.81 1159.87 28.41 -0.03 -0.97 0.06 1.53 -0.31 -10.31 2.15 2.30 -0.34
2014-5-23T18:21:29.541 30.09 27.81 1145.39 28.41 -0.03 -0.97 0.06 1.53 -0.31 -10.31 2.15 2.30 -0.34
2014-5-23T18:21:29.644 30.09 27.81 1145.39 28.41 -0.03 -0.97 0.06 1.53 -0.31 -10.31 2.15 2.30 -0.34
2014-5-23T18:21:29.744 30.09 27.81 1145.39 28.41 -0.03 -0.97 0.06 1.53 -0.31 -10.31 2.15 2.30 -0.34
2014-5-23T18:21:29.846 30.09 27.81 1145.39 28.41 -0.03 -0.97 0.06 1.53 -0.31 -10.31 2.15 2.30 -0.34
2014-5-23T18:21:29.947 30.09 27.81 1145.39 28.41 -0.03 -0.97 0.06 1.53 -0.31 -10.31 1.95 1.90 -0.07
2014-5-23T18:21:30.049 30.09 27.81 1145.39 28.41 -0.03 -0.97 0.06 1.53 -0.31 -10.31 1.95 1.90 -0.07
2014-5-23T18:21:30.151 30.09 27.81 1145.39 28.41 -0.03 -0.97 0.06 1.53 -0.31 -10.31 1.95 1.90 -0.07
2014-5-23T18:21:30.253 30.09 27.81 1145.39 28.41 -0.03 -0.97 0.06 1.53 -0.31 -10.31 1.95 1.90 -0.07
2014-5-23T18:21:30.355 32.39 27.81 1145.39 28.41 -0.03 -0.97 0.06 1.53 -0.31 -10.31 1.95 1.90 -0.07
2014-5-23T18:21:30.458 32.39 27.81 1145.39 28.41 -0.03 -0.97 0.06 1.53 -0.31 -10.31 1.95 1.90 -0.07
2014-5-23T18:21:30.560 32.39 27.81 1145.39 28.41 -0.03 -0.97 0.06 1.53 -0.31 -10.31 1.95 1.90 -0.07
2014-5-23T18:21:30.663 32.39 27.81 1145.39 28.41 -0.03 -0.97 0.06 1.53 -0.31 -10.31 1.95 1.90 -0.07
2014-5-23T18:21:30.765 32.39 27.81 1145.39 28.41 -0.05 -0.98 0.05 1.53 -0.31 -10.31 1.95 1.90 -0.07
2014-5-23T18:21:30.867 32.39 27.81 1145.39 28.41 -0.05 -0.98 0.05 1.53 -0.31 -10.31 1.95 1.90 -0.07
2014-5-23T18:21:30.969 32.39 27.81 1145.39 28.41 -0.05 -0.98 0.05 1.53 -0.31 -10.31 1.95 1.90 -0.07
2014-5-23T18:21:31.071 32.39 27.81 1145.39 28.41 -0.05 -0.98 0.05 1.53 -0.31 -10.31 1.95 1.90 -0.07
2014-5-23T18:21:31.174 32.39 27.81 1145.39 28.41 -0.05 -0.98 0.05 1.53 -0.31 -10.31 1.95 1.90 -0.07
2014-5-23T18:21:31.276 32.39 27.81 1145.39 28.41 -0.05 -0.98 0.05 1.53 -0.31 -10.31 1.95 1.90 -0.07
2014-5-23T18:21:31.378 32.39 27.81 1145.39 28.41 -0.05 -0.98 0.05 1.53 -0.31 -10.31 1.95 1.90 -0.07
2014-5-23T18:21:31.480 32.39 27.81 1145.39 28.41 -0.05 -0.98 0.05 1.53 -0.31 -10.31 1.95 1.90 -0.07
2014-5-23T18:21:31.582 32.39 27.81 1145.39 28.41 -0.05 -0.98 0.05 1.77 -0.24 -10.38 1.95 1.90 -0.07
2014-5-23T18:21:31.684 32.39 27.81 1145.39 28.41 -0.05 -0.98 0.05 1.77 -0.24 -10.38 1.95 1.90 -0.07
