2014-5-26T12:09:34.673 0.47 0.05 0.84
2014-5-26T12:09:34.681 0.47 0.05 0.84
2014-5-26T12:09:35.163 0.47 0.06 0.84
2014-5-26T12:09:35.232 0.48 0.05 0.84
2014-5-26T12:09:35.302 0.48 0.06 0.84
2014-5-26T12:09:35.512 0.47 0.05 0.84
2014-5-26T12:09:35.519 0.48 0.06 0.84
2014-5-26T12:09:35.652 0.47 0.05 0.83
2014-5-26T12:09:35.794 0.48 0.06 0.84
2014-5-26T12:09:35.862 0.48 0.05 0.84
2014-5-26T12:09:35.932 0.48 0.05 0.84
2014-5-26T12:09:36.002 0.48 0.06 0.84
2014-5-26T12:09:36.142 0.48 0.05 0.84
2014-5-26T12:09:36.212 0.48 0.06 0.84
2014-5-26T12:09:36.422 0.47 0.05 0.83
2014-5-26T12:09:36.423 0.47 0.06 0.84
2014-5-26T12:09:36.569 0.45 0.05 0.84
2014-5-26T12:09:36.632 0.47 0.06 0.84
2014-5-26T12:09:36.702 0.48 0.06 0.83
2014-5-26T12:09:36.842 0.47 0.06 0.84
2014-5-26T12:09:36.919 0.47 0.06 0.84
2014-5-26T12:09:37.053 0.48 0.06 0.86
2014-5-26T12:09:37.122 0.48 0.06 0.83
2014-5-26T12:09:37.269 0.48 0.06 0.84
2014-5-26T12:09:37.332 0.47 0.05 0.83
2014-5-26T12:09:37.402 0.48 0.05 0.84
2014-5-26T12:09:37.543 0.47 0.05 0.86
2014-5-26T12:09:37.612 0.48 0.06 0.84
2014-5-26T12:09:37.752 0.47 0.08 0.83
2014-5-26T12:09:37.822 0.48 0.06 0.84
2014-5-26T12:09:37.962 0.48 0.05 0.84
2014-5-26T12:09:38.032 0.48 0.05 0.84
2014-5-26T12:09:38.179 0.47 0.05 0.83
2014-5-26T12:09:38.242 0.47 0.05 0.84
2014-5-26T12:09:38.312 0.47 0.05 0.84
2014-5-26T12:09:38.452 0.47 0.06 0.84
2014-5-26T12:09:38.522 0.48 0.06 0.83
2014-5-26T12:09:38.663 0.48 0.05 0.89
2014-5-26T12:09:38.732 0.47 0.05 0.83
2014-5-26T12:09:38.873 0.48 0.06 0.83
2014-5-26T12:09:38.943 0.48 0.06 0.84
2014-5-26T12:09:39.012 0.47 0.05 0.86
2014-5-26T12:09:39.158 0.47 0.05 0.84
2014-5-26T12:09:39.224 0.47 0.06 0.86
2014-5-26T12:09:39.362 0.48 0.05 0.86
2014-5-26T12:09:39.432 0.47 0.06 0.83
2014-5-26T12:09:39.572 0.47 0.05 0.84
2014-5-26T12:09:39.642 0.47 0.06 0.84
2014-5-26T12:09:39.712 0.47 0.06 0.86
2014-5-26T12:09:39.852 0.48 0.06 0.84
2014-5-26T12:09:39.922 0.45 0.06 0.84
2014-5-26T12:09:40.062 0.47 0.05 0.23
2014-5-26T12:09:40.132 0.22 0.22 0.80
2014-5-26T12:09:40.279 0.53 0.02 0.86
2014-5-26T12:09:40.342 0.45 0.05 0.86
2014-5-26T12:09:40.413 0.47 0.05 0.84
2014-5-26T12:09:40.554 0.48 0.02 0.84
2014-5-26T12:09:40.623 0.45 0.06 0.86
2014-5-26T12:09:40.763 0.45 0.02 0.78
2014-5-26T12:09:40.832 0.47 0.08 0.84
2014-5-26T12:09:40.972 0.45 0.08 0.83
2014-5-26T12:09:41.042 0.52 0.05 0.88
2014-5-26T12:09:41.189 0.52 0.03 0.84
2014-5-26T12:09:41.253 0.52 0.03 0.81
2014-5-26T12:09:41.323 0.52 0.08 0.83
2014-5-26T12:09:41.462 0.48 0.06 0.83
2014-5-26T12:09:41.539 0.44 0.05 0.88
2014-5-26T12:09:41.672 0.52 0.05 0.91
2014-5-26T12:09:41.812 0.50 0.06 0.89
2014-5-26T12:09:41.882 0.50 0.03 0.81
2014-5-26T12:09:41.952 0.47 0.06 0.78
2014-5-26T12:09:42.022 0.48 0.06 0.88
2014-5-26T12:09:42.162 0.48 0.03 0.89
2014-5-26T12:09:42.232 0.44 0.08 0.89
2014-5-26T12:09:42.442 0.47 0.08 0.89
2014-5-26T12:09:42.449 0.48 0.03 0.84
2014-5-26T12:09:42.582 0.45 0.05 0.81
2014-5-26T12:09:42.652 0.47 0.05 0.86
2014-5-26T12:09:42.799 0.47 0.05 0.86
2014-5-26T12:09:42.862 0.52 0.06 0.88
2014-5-26T12:09:42.932 0.47 0.02 0.80
2014-5-26T12:09:43.075 0.48 0.06 0.83
2014-5-26T12:09:43.142 0.45 0.08 0.81
2014-5-26T12:09:43.289 0.42 0.03 0.80
2014-5-26T12:09:43.352 0.50 0.06 0.83
2014-5-26T12:09:43.492 0.45 0.06 0.83
2014-5-26T12:09:43.632 0.47 0.03 0.81
2014-5-26T12:09:43.633 0.48 0.02 0.84
2014-5-26T12:09:43.772 0.45 0.06 0.84
2014-5-26T12:09:43.843 0.50 0.03 0.81
2014-5-26T12:09:43.983 0.48 0.06 0.81
2014-5-26T12:09:44.059 0.47 0.03 0.92
2014-5-26T12:09:44.192 0.47 0.06 0.88
2014-5-26T12:09:44.262 0.48 0.06 0.88
2014-5-26T12:09:44.409 0.53 0.08 0.89
2014-5-26T12:09:44.472 0.52 0.08 0.89
2014-5-26T12:09:44.543 0.48 0.09 0.81
2014-5-26T12:09:44.752 0.44 0.03 0.81
2014-5-26T12:09:44.753 0.50 0.05 0.91
2014-5-26T12:09:44.892 0.48 0.09 0.81
2014-5-26T12:09:44.962 0.47 0.06 0.86
2014-5-26T12:09:45.103 0.48 0.02 0.78
2014-5-26T12:09:45.172 0.44 0.06 0.89
2014-5-26T12:09:45.249 0.45 0.03 0.84
2014-5-26T12:09:45.382 0.48 0.06 0.84
2014-5-26T12:09:45.452 0.45 0.05 0.81
2014-5-26T12:09:45.662 0.48 0.03 0.88
2014-5-26T12:09:45.669 0.45 0.06 0.88
2014-5-26T12:09:45.802 0.42 0.05 0.83
2014-5-26T12:09:45.872 0.47 0.06 0.80
2014-5-26T12:09:46.019 0.47 0.05 0.80
2014-5-26T12:09:46.082 0.47 0.05 0.83
2014-5-26T12:09:46.152 0.48 0.05 0.81
2014-5-26T12:09:46.292 0.45 0.06 0.81
2014-5-26T12:09:46.362 0.47 0.06 0.88
2014-5-26T12:09:46.512 0.45 0.02 0.80
2014-5-26T12:09:46.572 0.47 0.05 0.89
2014-5-26T12:09:46.712 0.48 0.09 0.88
2014-5-26T12:09:46.852 0.47 0.06 0.80
2014-5-26T12:09:46.922 0.53 0.06 0.83
2014-5-26T12:09:46.992 0.47 0.09 0.86
2014-5-26T12:09:47.069 0.45 0.08 0.86
2014-5-26T12:09:47.202 0.52 0.06 0.88
2014-5-26T12:09:47.272 0.47 0.05 0.89
2014-5-26T12:09:47.422 0.50 0.05 0.89
2014-5-26T12:09:47.482 0.52 0.05 0.80
2014-5-26T12:09:47.622 0.44 0.05 0.86
2014-5-26T12:09:47.692 0.50 0.06 0.78
2014-5-26T12:09:47.762 0.48 0.06 0.84
2014-5-26T12:09:47.902 0.44 0.05 0.86
2014-5-26T12:09:47.972 0.50 0.06 0.86
2014-5-26T12:09:48.113 0.45 0.05 0.80
2014-5-26T12:09:48.185 0.47 0.05 0.86
2014-5-26T12:09:48.324 0.48 0.06 0.86
2014-5-26T12:09:48.392 0.52 0.06 0.83
2014-5-26T12:09:48.532 0.50 0.06 0.83
2014-5-26T12:09:48.602 0.45 0.05 0.86
2014-5-26T12:09:48.679 0.48 0.06 0.81
2014-5-26T12:09:48.813 0.50 0.06 0.84
2014-5-26T12:09:48.883 0.52 0.08 0.88
2014-5-26T12:09:49.022 0.45 0.06 0.89
2014-5-26T12:09:49.092 0.48 0.08 0.84
2014-5-26T12:09:49.232 0.47 0.09 0.81
2014-5-26T12:09:49.303 0.42 0.06 0.84
2014-5-26T12:09:49.442 0.45 0.08 0.83
2014-5-26T12:09:49.512 0.52 0.05 0.80
2014-5-26T12:09:49.582 0.47 0.06 0.81
2014-5-26T12:09:49.722 0.44 0.03 0.83
2014-5-26T12:09:49.792 0.45 0.05 0.86
2014-5-26T12:09:49.936 0.47 0.08 0.81
2014-5-26T12:09:50.002 0.44 0.06 0.84
2014-5-26T12:09:50.142 0.52 0.06 0.83
2014-5-26T12:09:50.219 0.47 0.03 0.86
2014-5-26T12:09:50.282 0.45 0.05 0.86
2014-5-26T12:09:50.422 0.50 0.05 0.89
2014-5-26T12:09:50.492 0.44 0.11 0.84
2014-5-26T12:09:50.639 0.50 0.08 0.78
2014-5-26T12:09:50.772 0.53 0.02 0.20
2014-5-26T12:09:50.842 0.08 0.06 -0.47
2014-5-26T12:09:50.912 1.98 0.36 1.98
2014-5-26T12:09:51.052 0.14 -2.00 -0.05
2014-5-26T12:09:51.122 0.00 -0.13 -0.06
2014-5-26T12:09:51.192 -0.02 -0.11 -2.00
2014-5-26T12:09:51.332 1.98 -2.00 1.98
2014-5-26T12:09:51.402 1.58 -2.00 -0.61
2014-5-26T12:09:51.543 -0.63 -1.14 -0.25
2014-5-26T12:09:51.614 0.36 -0.41 -0.23
2014-5-26T12:09:51.752 0.00 -1.09 -0.27
2014-5-26T12:09:51.822 -0.39 -0.61 -0.98
2014-5-26T12:09:51.962 -0.28 -0.39 -0.77
2014-5-26T12:09:52.032 -0.06 -0.44 -1.73
2014-5-26T12:09:52.109 0.23 0.58 -0.66
2014-5-26T12:09:52.242 0.38 -0.56 -0.92
2014-5-26T12:09:52.312 0.17 -0.56 -0.73
2014-5-26T12:09:52.452 -0.66 -0.63 -0.86
2014-5-26T12:09:52.522 -0.05 0.19 -1.22
2014-5-26T12:09:52.663 -0.11 0.11 -1.02
2014-5-26T12:09:52.732 0.48 0.11 -0.80
2014-5-26T12:09:52.802 0.36 -0.14 -0.34
2014-5-26T12:09:52.949 0.44 0.31 -0.84
2014-5-26T12:09:53.012 0.23 0.08 -1.14
2014-5-26T12:09:53.152 0.36 -0.39 -0.92
2014-5-26T12:09:53.222 1.28 -0.61 -1.31
2014-5-26T12:09:53.432 0.63 -0.97 0.83
2014-5-26T12:09:53.433 0.63 0.16 0.75
2014-5-26T12:09:53.572 0.63 -0.17 0.25
2014-5-26T12:09:53.642 0.63 -0.17 1.03
2014-5-26T12:09:53.719 -0.30 -0.81 1.08
2014-5-26T12:09:53.853 -0.27 -0.31 0.66
2014-5-26T12:09:53.922 -0.77 -0.05 1.38
2014-5-26T12:09:54.062 -0.31 0.56 0.84
2014-5-26T12:09:54.132 0.34 -0.17 1.91
2014-5-26T12:09:54.272 -1.30 -0.50 0.78
2014-5-26T12:09:54.345 -0.03 0.20 1.14
2014-5-26T12:09:54.489 -0.16 0.05 1.00
2014-5-26T12:09:54.553 -0.16 0.05 0.84
2014-5-26T12:09:54.622 0.00 0.00 1.39
2014-5-26T12:09:54.762 0.17 0.05 0.89
2014-5-26T12:09:54.832 -0.06 0.03 0.91
2014-5-26T12:09:54.979 0.14 0.13 1.22
2014-5-26T12:09:55.042 0.33 0.11 0.81
2014-5-26T12:09:55.182 -0.63 -0.17 1.00
2014-5-26T12:09:55.254 0.16 0.08 0.97
2014-5-26T12:09:55.322 0.14 0.08 0.98
2014-5-26T12:09:55.469 0.16 0.06 0.98
2014-5-26T12:09:55.532 0.14 0.09 0.92
2014-5-26T12:09:55.672 0.14 0.09 0.95
2014-5-26T12:09:55.742 0.14 0.06 1.03
2014-5-26T12:09:55.882 0.16 0.08 0.97
2014-5-26T12:09:55.952 0.17 0.05 0.97
2014-5-26T12:09:56.092 0.16 0.09 0.98
2014-5-26T12:09:56.162 0.14 0.08 1.02
2014-5-26T12:09:56.239 0.16 0.06 0.98
2014-5-26T12:09:56.372 0.16 0.08 1.00
2014-5-26T12:09:56.442 0.14 0.08 0.98
2014-5-26T12:09:56.583 0.14 0.11 1.02
2014-5-26T12:09:56.659 -0.39 0.17 1.00
2014-5-26T12:09:56.792 -0.11 0.02 1.02
2014-5-26T12:09:56.862 -0.53 0.16 0.67
2014-5-26T12:09:56.932 -0.64 -0.02 0.58
2014-5-26T12:09:57.072 -0.45 0.16 0.66
2014-5-26T12:09:57.143 -0.56 -0.23 0.91
2014-5-26T12:09:57.283 -0.52 0.31 0.98
2014-5-26T12:09:57.353 -0.48 0.25 1.55
2014-5-26T12:09:57.492 0.20 -0.08 1.52
2014-5-26T12:09:57.633 0.31 -0.53 1.27
2014-5-26T12:09:57.633 0.72 0.16 0.61
2014-5-26T12:09:57.772 1.42 0.13 -0.13
2014-5-26T12:09:57.842 1.03 0.55 0.28
2014-5-26T12:09:57.982 1.16 0.13 0.25
2014-5-26T12:09:58.052 0.53 0.00 0.89
2014-5-26T12:09:58.192 0.83 -0.13 0.69
2014-5-26T12:09:58.262 0.56 -0.11 0.59
2014-5-26T12:09:58.409 -0.17 -0.75 1.27
2014-5-26T12:09:58.472 0.73 -0.39 1.02
2014-5-26T12:09:58.542 0.47 0.00 0.77
